43 48 58 82 90 131 244 297 407 447 460 463 
55 104 138 145 171 265 362 419 427 472 
21 217 307 320 362 379 381 395 440 450 
27 40 53 73 110 140 168 236 276 285 343 377 390 438 468 
25 73 88 89 161 217 243 283 378 401 438 460 477 
12 78 115 142 171 208 214 266 294 295 350 392 402 466 
120 143 151 179 194 352 358 415 446 
180 230 276 294 376 399 427 431 461 469 477 
32 145 170 171 278 287 295 353 368 387 390 470 
0 17 53 82 120 196 205 229 274 283 298 316 339 453 476 
28 33 37 57 72 110 266 316 321 364 368 373 379 468 470 472 480 
3 8 21 35 127 145 155 190 193 227 294 300 304 335 362 368 390 395 405 422 431 432 
346 
27 43 61 93 108 112 142 171 185 205 326 354 373 489 
49 100 113 120 159 229 255 273 308 319 332 336 354 449 
55 93 266 343 364 449 450 477 494 
94 177 182 217 315 319 381 408 427 449 492 
3 171 176 212 275 283 295 328 339 346 379 397 440 484 492 
21 25 45 57 72 88 124 161 162 205 216 304 346 349 438 
27 123 127 236 243 249 318 438 480 
36 57 67 68 73 82 112 201 236 309 322 334 481 
0 12 25 46 105 165 207 295 320 450 467 470 494 
10 18 38 69 70 88 93 204 224 265 268 320 377 387 
21 56 76 110 153 205 208 246 257 283 459 492 
41 76 89 246 275 322 334 492 495 
53 129 224 310 362 381 
77 82 85 158 207 212 280 316 352 366 379 460 
21 35 39 111 175 201 299 375 438 
38 43 72 85 158 161 196 208 274 276 280 300 318 319 346 362 378 400 421 440 443 477 
12 138 140 167 239 319 362 
25 72 120 134 140 201 275 280 293 334 412 449 472 476 481 491 
160 208 300 368 401 474 
45 55 120 239 290 296 332 350 351 443 476 
210 257 296 300 333 346 362 377 378 381 477 
27 39 40 43 61 78 93 185 201 254 334 354 361 405 420 428 450 489 
21 62 71 187 246 299 419 438 482 
3 55 123 129 234 242 266 296 305 322 332 387 460 
25 378 401 438 460 477 
57 73 88 155 180 246 259 334 362 438 450 451 
53 55 57 58 100 205 275 280 415 474 489 
1 93 217 240 285 286 350 354 355 383 390 465 
21 25 71 116 127 143 164 170 181 229 236 274 303 309 328 334 440 
26 32 73 139 140 165 192 205 212 236 259 320 368 377 387 461 487 489 
26 54 118 187 229 242 308 322 470 491 
4 55 68 96 130 151 196 204 309 336 392 395 438 439 
35 70 105 160 197 224 294 440 
102 107 183 239 276 368 388 470 
102 125 154 158 171 217 279 316 356 362 438 460 471 
63 164 194 338 350 355 427 475 477 494 
0 12 31 45 53 59 79 89 326 333 351 358 419 
21 26 75 236 263 296 333 395 422 443 474 
140 177 252 276 336 
13 64 70 176 239 240 277 362 421 423 468 
21 25 164 170 328 440 
27 39 48 72 100 132 140 141 180 339 411 440 468 472 477 486 
32 68 82 158 229 279 326 394 424 469 
4 43 111 183 203 276 279 367 368 415 419 480 
2 138 171 348 364 395 417 424 
45 55 73 171 183 186 204 222 236 239 416 
4 31 71 161 177 216 229 242 273 274 280 296 300 332 356 368 372 378 421 427 449 491 
46 120 129 174 204 249 265 267 295 343 355 395 471 
43 55 88 141 239 304 384 489 
17 21 72 80 120 126 227 308 335 340 353 427 430 438 
2 3 12 69 112 115 177 233 265 307 326 334 494 496 
70 120 144 208 220 268 294 343 368 377 468 
25 26 33 43 48 54 72 127 180 339 
64 193 294 
2 25 31 48 70 71 120 145 162 183 201 202 217 273 275 306 310 334 348 379 461 491 
6 68 69 97 120 140 204 216 224 227 357 424 460 
1 18 55 130 132 193 357 361 368 378 395 419 468 492 
51 102 112 125 139 154 180 183 298 371 394 438 
45 89 118 128 212 296 318 337 411 413 
12 64 79 85 120 140 151 175 261 263 339 388 421 450 
45 51 57 78 177 332 349 350 362 401 438 489 
53 75 82 161 178 236 348 401 
82 129 196 460 
27 32 43 61 93 108 168 185 199 234 354 395 420 449 489 
2 12 18 38 57 73 120 158 183 304 312 396 422 
115 196 249 285 289 362 438 443 470 
26 33 64 128 164 412 460 494 
0 18 42 65 71 110 293 307 328 338 401 470 496 
37 39 44 64 73 144 146 226 283 352 450 
48 124 138 157 167 208 272 285 336 362 411 469 491 
4 110 234 274 403 438 
43 76 177 192 198 217 235 246 311 318 322 368 423 460 492 
54 96 110 158 164 201 226 275 298 414 419 440 
7 130 236 
64 89 187 259 262 346 348 443 458 467 492 
0 17 35 42 72 80 110 156 190 227 263 277 279 334 335 427 428 438 
38 46 52 53 110 120 157 185 204 205 210 304 346 356 492 
85 97 115 196 205 255 274 293 306 316 368 377 413 415 430 450 
69 104 120 224 249 277 374 400 
45 120 140 142 180 240 280 285 320 336 364 377 438 447 
71 78 343 350 354 364 438 449 472 494 
52 104 127 181 226 278 327 331 368 372 438 
68 142 181 294 328 338 343 348 364 461 
6 78 132 140 145 205 217 239 275 294 390 419 443 475 
5 37 73 115 205 222 316 343 430 
53 78 93 120 196 230 239 350 472 494 
12 55 75 93 108 164 171 308 338 417 427 477 
8 25 62 103 175 194 229 309 368 381 
4 32 69 81 104 107 117 140 175 187 298 328 347 348 368 381 468 471 472 494 
0 295 422 450 467 472 480 486 494 
136 177 295 299 343 377 437 450 
51 72 86 103 126 224 230 283 294 335 362 370 390 492 
22 78 120 176 194 279 283 289 322 440 455 476 492 494 
1 4 21 46 58 68 99 217 229 266 279 285 319 397 400 438 477 490 492 
27 53 96 106 161 190 205 207 208 227 310 314 322 335 359 362 377 403 422 430 440 480 481 
3 16 21 93 124 147 197 263 346 427 438 449 470 491 
3 38 86 118 130 157 274 275 285 368 373 397 400 415 496 
12 37 39 145 154 198 270 274 349 438 
89 175 177 242 309 368 427 440 460 468 
43 78 156 333 381 392 440 
25 27 69 72 82 103 111 328 334 378 380 427 439 450 460 470 
82 97 108 276 281 419 
6 196 205 294 299 300 311 320 354 362 381 390 397 448 450 
12 30 55 110 183 198 217 283 316 319 352 494 
224 227 259 279 294 300 390 419 438 440 459 461 492 
33 120 145 180 227 315 396 
10 69 90 118 155 161 310 345 368 392 443 486 
48 51 52 73 159 177 217 238 280 319 370 371 409 414 443 450 470 
42 110 142 156 165 180 263 276 277 346 411 427 
8 45 85 130 157 171 293 343 471 478 490 
12 15 30 51 71 130 171 180 229 242 279 300 322 335 349 472 477 
25 82 86 112 194 257 276 305 378 400 401 419 438 460 477 
113 120 171 177 229 240 387 397 
155 163 168 187 217 266 350 352 401 427 460 489 
32 72 75 129 290 322 334 373 458 461 477 
71 104 132 145 161 162 202 234 310 350 421 459 461 
45 48 114 120 131 151 177 190 280 322 367 414 418 449 476 486 490 
12 105 125 196 204 262 279 296 320 334 354 438 
20 71 222 279 283 336 339 494 
0 4 25 183 239 325 326 351 487 
4 58 70 107 177 260 282 289 304 338 351 381 411 477 
71 102 103 130 229 268 274 337 345 350 351 
54 132 158 172 177 290 307 422 
8 55 72 127 145 151 161 165 196 234 315 320 338 350 368 420 437 463 490 
8 45 55 100 116 154 179 181 258 294 296 351 401 453 
12 57 100 157 249 280 283 388 394 415 438 472 
3 27 94 100 114 140 190 194 272 339 347 387 390 397 401 405 468 492 
64 115 305 334 362 477 
68 138 145 161 203 216 316 419 460 469 
18 37 129 141 212 265 275 279 427 430 
72 93 100 161 234 236 296 310 385 440 
97 140 168 282 400 472 481 
2 12 20 41 72 103 130 138 157 163 229 333 336 406 450 484 
38 85 140 196 202 290 438 440 460 468 472 
105 120 132 144 207 294 343 417 427 460 
12 27 55 116 158 162 185 204 413 443 
145 171 179 216 245 268 275 318 334 339 347 381 443 450 461 483 
12 97 104 120 190 196 197 203 266 283 286 300 356 362 401 428 441 
0 27 82 89 120 129 295 475 498 
96 116 141 266 275 373 413 427 450 460 489 
91 120 140 151 161 215 266 401 407 417 418 487 
54 158 226 275 419 456 
100 114 196 203 247 265 316 388 454 456 487 
111 120 142 161 185 223 308 323 335 349 415 453 480 491 
158 217 294 326 369 371 413 449 476 
69 158 214 259 279 283 295 385 422 496 
25 38 41 45 146 185 276 305 316 334 348 355 368 373 387 396 401 419 450 469 
9 21 44 82 115 175 197 239 257 335 362 380 467 
55 118 140 227 316 347 400 421 426 449 450 468 476 
35 54 72 100 111 115 145 177 219 249 268 329 413 492 
10 86 104 310 336 372 453 
1 75 118 140 163 198 309 347 368 415 460 464 
70 159 161 168 185 275 400 401 
128 151 159 215 217 230 240 242 263 310 315 384 489 495 
12 25 38 151 180 233 244 259 275 315 339 460 
110 120 128 132 151 160 350 368 419 438 440 450 490 
4 39 46 70 100 120 172 217 283 339 387 490 
12 25 216 314 477 
21 25 164 170 328 408 440 
259 322 374 489 
35 110 180 183 322 326 344 362 367 368 377 381 411 419 437 447 
76 227 246 339 368 395 419 492 
1 43 52 125 205 280 326 376 
33 102 130 165 236 274 316 319 351 368 377 390 443 449 484 487 489 
21 45 72 89 90 114 207 208 267 378 381 
12 53 72 85 138 141 162 265 350 351 381 401 424 472 
157 266 294 352 377 397 419 487 
180 188 224 259 277 322 350 352 368 427 461 
100 104 155 234 334 368 385 460 489 
28 82 90 154 275 354 368 470 480 493 
57 74 82 96 171 181 187 216 280 335 342 362 470 480 484 
27 111 123 207 266 294 310 334 368 472 496 
3 38 123 234 268 305 309 314 316 322 354 377 381 387 390 448 
8 25 43 73 145 151 192 266 290 296 320 326 356 498 
69 115 151 159 201 276 362 381 
31 39 80 116 118 168 204 346 370 467 478 
128 175 305 362 413 440 450 
2 69 95 108 130 263 321 372 442 
90 264 372 381 385 401 438 475 486 
72 89 115 280 395 412 449 468 
1 5 18 21 33 57 93 159 259 283 427 438 480 489 
151 290 305 339 422 
15 73 100 125 154 170 207 261 298 320 371 381 424 460 
8 14 31 90 97 196 321 346 357 
21 31 103 123 151 196 214 249 327 338 368 378 456 484 
123 168 209 276 309 331 334 393 424 472 
4 100 118 158 214 298 307 308 314 334 345 349 368 460 471 474 480 496 
10 12 71 103 132 146 211 224 312 352 384 390 480 495 
12 62 112 120 197 259 283 362 414 478 
7 8 38 91 118 378 495 
38 145 154 177 205 208 229 244 285 321 336 338 343 374 377 396 405 
49 136 208 349 368 460 489 
18 120 168 177 181 183 239 259 266 367 419 
0 25 65 71 110 150 168 194 208 307 328 338 345 352 401 423 
72 132 285 294 307 381 395 450 
48 55 70 73 93 122 129 164 171 283 308 326 368 400 427 490 494 
93 110 207 217 307 309 334 352 372 402 406 491 
45 112 145 197 214 326 343 346 352 381 412 470 
45 110 138 186 205 352 371 403 413 
8 33 64 82 86 145 168 180 185 205 227 396 491 
6 35 45 69 130 280 315 319 378 447 
21 118 183 196 357 
58 71 93 105 127 279 305 343 349 385 498 
40 127 198 350 407 417 424 
8 51 145 165 190 275 298 351 408 419 
282 400 
33 57 58 72 82 120 140 203 280 283 322 360 381 477 
33 54 72 73 120 154 205 259 326 368 449 494 496 
10 75 196 249 
48 74 104 117 229 241 310 318 339 401 424 476 
26 39 44 51 161 203 204 223 298 336 427 
5 28 143 145 320 373 411 471 
20 34 82 96 118 137 145 204 205 217 310 322 359 362 438 
0 12 31 70 115 122 157 161 216 218 319 320 349 367 417 419 472 494 
4 172 307 352 368 381 459 464 477 492 
32 63 69 142 145 161 243 377 385 467 470 
2 21 55 129 163 196 254 296 309 315 351 368 390 415 420 430 477 
41 82 120 165 368 374 377 470 
25 75 131 196 229 276 373 470 474 
6 12 45 74 110 177 183 239 351 366 378 419 477 
54 55 89 95 129 136 140 143 151 163 259 319 375 
12 71 159 191 195 201 205 277 279 280 294 362 391 394 397 398 418 450 
7 68 183 201 209 259 266 354 369 401 475 487 
78 85 136 171 183 236 242 278 361 381 412 490 
15 110 158 185 187 188 307 332 334 352 381 402 414 494 
10 57 69 130 132 198 242 276 285 314 345 357 368 378 379 392 408 413 463 468 471 477 480 487 
17 62 72 73 80 112 122 144 178 180 181 217 227 268 335 349 449 
1 2 10 25 93 110 112 145 171 276 279 311 351 368 373 413 443 494 
36 61 70 71 73 120 139 205 274 283 300 377 385 394 438 480 
33 59 90 175 204 205 207 350 364 373 381 438 
82 94 139 161 227 229 236 259 305 334 
2 72 81 266 290 308 357 414 421 427 
1 4 88 90 339 368 422 
1 46 240 243 319 339 397 438 477 490 492 
110 267 326 470 477 
2 12 31 52 128 140 158 161 193 196 205 218 239 299 350 405 407 
8 73 85 122 145 182 188 196 205 207 236 306 326 333 346 356 378 408 
0 120 196 205 303 319 477 485 489 
20 37 51 118 141 163 262 289 347 366 401 440 494 
10 45 71 96 120 127 181 306 368 
24 69 73 129 177 190 229 258 363 
183 426 440 
0 1 24 68 120 127 129 175 279 381 414 427 428 449 467 
69 378 447 
49 107 118 132 140 154 196 401 477 489 496 
82 279 
35 38 112 122 279 328 334 350 362 368 467 
110 182 225 236 296 392 423 489 
32 88 180 224 259 322 377 
32 150 156 279 362 388 403 
54 72 73 78 145 217 219 310 378 390 413 417 419 427 459 477 492 
176 196 207 214 265 335 367 405 473 494 
96 205 261 283 329 377 438 477 489 
15 41 97 190 217 335 370 449 498 
12 72 132 212 217 227 236 307 310 364 368 450 472 483 489 494 
129 181 204 227 279 280 318 329 346 350 413 419 437 460 487 
35 75 80 254 367 422 470 
12 40 45 72 73 110 120 183 272 314 328 349 381 391 405 406 443 473 492 
32 48 70 72 120 168 176 179 210 224 281 296 346 377 456 484 
3 32 125 204 283 338 361 362 400 477 486 
8 31 54 96 100 106 144 314 381 392 449 456 458 469 477 
75 120 196 207 210 270 371 441 464 
8 43 51 97 175 260 274 321 369 381 447 470 
129 138 140 189 207 226 326 333 340 401 461 487 
45 131 132 157 177 317 378 467 480 
227 279 467 
97 111 117 129 217 222 242 349 361 362 366 402 475 492 
25 96 175 193 205 346 361 362 385 403 466 494 
54 58 64 73 100 185 196 242 261 449 494 
45 105 218 358 366 395 
1 18 55 69 71 110 193 361 368 392 395 419 492 
126 177 385 397 422 461 472 480 486 494 
21 39 53 97 145 164 323 342 349 376 460 477 
5 38 120 145 176 204 283 285 355 362 374 384 480 485 499 
8 55 64 73 89 100 137 294 407 
0 8 36 147 192 201 242 309 317 422 477 481 496 
40 41 46 71 104 145 161 217 274 276 308 368 422 450 477 478 
3 97 151 190 438 454 456 
42 73 118 130 176 224 229 236 285 406 460 490 
12 120 125 173 181 197 229 242 283 296 328 332 368 448 460 477 478 
1 70 94 111 158 169 229 269 277 308 334 381 385 401 443 470 
2 6 21 26 35 81 217 308 319 355 357 414 
48 57 64 70 93 208 220 233 279 294 348 355 415 422 468 
70 71 94 97 120 151 256 349 387 449 489 
69 70 85 128 180 198 203 207 240 296 361 413 447 471 
3 257 295 328 419 438 494 
57 71 82 105 132 168 266 274 277 303 316 368 385 
110 143 157 216 229 275 307 314 351 
21 32 41 85 110 130 204 205 242 245 274 381 431 460 477 490 
33 37 71 72 73 132 183 198 222 234 316 343 362 385 419 430 438 450 485 
1 39 229 304 307 427 
145 352 354 414 472 
1 21 53 97 145 320 349 477 
43 73 105 112 120 154 160 259 274 294 334 343 360 405 419 447 472 
5 48 69 111 130 156 201 205 215 270 290 378 383 384 401 
38 54 74 82 100 125 368 422 440 470 477 489 
8 118 122 239 277 368 373 494 
45 77 120 243 443 462 
5 86 103 155 162 218 239 281 352 354 470 489 
16 41 96 104 140 145 154 205 207 227 249 274 307 326 360 368 390 411 438 461 468 470 
2 12 55 216 227 287 294 309 
120 125 154 234 298 371 477 
6 55 94 110 120 127 130 145 208 224 276 282 333 336 402 450 472 480 
2 26 45 51 97 176 181 274 349 360 413 443 470 
53 80 97 111 116 191 222 224 259 279 305 343 346 351 354 370 390 406 424 426 478 484 
12 25 71 104 158 217 270 278 300 366 383 396 400 401 449 450 468 486 
117 196 283 318 413 422 494 
5 24 115 156 180 197 204 227 229 239 263 316 343 362 371 477 
31 64 156 198 275 279 300 306 323 328 366 450 474 477 
38 78 122 159 267 295 334 362 364 417 
12 31 73 167 196 239 283 318 413 422 477 
38 93 97 159 161 168 185 227 229 258 272 381 384 400 438 
36 61 70 71 110 182 205 225 236 300 377 394 438 480 
8 12 64 151 203 227 270 299 308 355 394 413 419 468 470 472 
24 45 94 111 115 120 125 157 177 192 254 255 256 333 349 360 368 387 421 456 461 471 489 490 
19 21 54 69 128 157 160 168 171 202 236 271 296 306 319 366 371 412 474 
8 73 140 145 156 204 205 274 279 320 348 367 368 387 422 450 478 491 
93 125 147 154 218 242 296 328 346 368 401 411 440 447 
5 111 112 115 159 177 205 208 223 283 334 357 422 449 477 489 
10 28 31 46 140 141 215 220 280 286 335 350 355 358 413 422 465 472 
5 71 112 161 180 210 242 280 308 355 368 369 421 427 450 
43 72 118 140 362 401 430 440 494 
35 110 215 274 286 350 360 403 413 422 468 
12 70 132 159 177 285 294 334 335 347 
31 336 339 472 
12 116 194 229 275 285 305 334 345 354 427 449 477 487 
7 25 75 104 111 134 145 161 183 229 270 275 415 472 496 
1 12 51 73 112 151 159 175 270 286 309 419 438 483 498 
108 115 138 185 204 220 283 339 375 477 
18 38 45 120 304 309 422 438 460 472 
43 55 82 112 114 141 180 227 239 242 304 350 352 355 362 384 394 432 
21 22 58 73 93 105 112 142 151 258 274 326 335 414 419 450 498 
39 48 58 69 112 158 168 208 222 229 279 322 354 361 373 390 422 
19 39 95 145 227 236 281 349 354 368 422 452 474 490 
12 105 130 207 258 279 294 325 352 362 430 474 477 480 
36 38 100 139 158 159 178 210 231 259 279 310 312 401 
32 126 137 143 231 296 316 350 384 438 460 463 490 
4 45 73 97 196 226 276 300 326 335 364 426 449 477 
27 44 46 70 100 110 267 285 306 326 368 467 470 477 478 
26 75 96 210 217 259 328 345 404 449 
22 115 120 161 371 414 
100 168 276 305 367 387 390 419 430 489 
8 14 45 131 132 157 177 185 306 378 415 467 
8 30 39 108 118 145 171 212 229 263 306 322 335 345 373 395 489 498 
36 72 105 132 154 207 343 417 419 427 490 
73 129 405 422 465 468 487 
28 45 96 145 156 269 278 351 369 380 385 400 443 
6 82 97 100 129 161 205 257 294 316 378 474 476 477 
46 112 151 171 203 227 236 280 299 308 326 333 368 456 474 
8 31 36 132 144 159 161 458 477 486 
22 54 158 226 275 295 402 419 440 468 
2 12 143 275 314 351 366 390 450 
145 226 229 252 277 322 327 450 469 
41 82 120 168 190 216 217 239 320 370 374 377 449 
8 51 78 82 86 103 118 125 140 142 151 157 196 208 326 334 390 406 417 450 460 470 471 
48 132 145 229 322 346 365 401 408 424 474 
1 2 25 175 187 197 259 262 318 368 432 474 
10 24 85 112 177 178 180 192 207 220 280 316 336 361 412 438 470 496 
8 45 157 171 183 293 348 471 
12 151 282 283 338 361 467 477 
21 68 130 145 170 248 316 328 334 367 402 405 416 466 
43 51 58 73 90 104 122 202 305 316 334 343 349 351 371 385 402 459 477 
2 105 125 155 161 186 201 206 209 236 283 320 322 350 354 421 440 478 
38 40 48 103 120 140 198 201 210 236 296 310 408 466 
41 45 55 88 94 97 110 131 145 194 222 268 310 354 371 480 
7 21 39 69 82 126 197 212 217 229 236 298 313 345 362 378 387 388 472 483 
1 12 93 120 339 377 438 450 487 
75 300 316 368 412 424 460 468 
71 110 125 145 155 304 395 480 
4 55 68 69 72 78 118 120 158 159 210 229 275 278 312 315 438 439 494 
20 32 82 145 176 205 208 266 346 415 
12 69 100 104 120 122 321 335 387 421 467 
35 41 89 105 163 217 227 266 450 465 478 489 
1 45 70 115 162 168 276 286 320 367 405 413 470 
61 70 168 280 309 334 354 362 368 388 419 
64 85 115 123 196 201 254 333 349 460 489 
111 130 155 208 266 328 339 362 405 422 471 
46 58 69 83 128 139 142 227 276 322 346 405 476 477 
12 28 62 69 85 100 141 142 216 219 262 350 368 381 400 424 427 455 491 
48 82 181 227 279 328 334 338 355 422 491 
8 130 165 168 175 274 321 405 467 470 482 
1 3 53 106 112 159 181 217 280 296 316 338 350 367 381 414 427 477 
19 71 110 113 171 196 229 274 276 336 381 419 
8 43 51 70 75 118 120 162 186 217 223 319 320 349 350 351 368 370 419 
72 78 126 205 230 283 355 362 370 456 
115 129 197 242 246 262 266 315 350 362 368 421 460 472 
25 64 67 70 108 118 180 181 194 274 355 376 
21 53 259 277 328 362 409 424 
12 73 115 171 183 186 205 229 263 332 441 461 
12 22 31 64 170 225 296 322 370 400 448 450 460 483 
1 31 71 127 130 141 205 234 276 280 283 293 300 306 347 
28 71 77 146 158 277 294 300 326 352 400 461 477 494 
42 45 110 126 156 165 217 246 263 265 277 320 377 427 489 
6 21 73 147 156 180 186 196 274 368 373 405 438 
12 22 112 140 167 274 278 308 319 322 326 378 400 448 450 
175 207 236 351 354 379 384 421 422 450 
35 44 90 173 381 401 
34 73 78 137 158 161 163 290 296 405 423 494 
73 80 187 196 217 259 306 333 338 359 413 424 443 471 
21 46 55 138 159 227 273 287 294 300 309 318 325 354 402 427 449 
26 86 103 192 239 352 419 471 489 
17 27 32 34 118 140 192 280 349 368 401 
91 140 145 173 205 289 326 378 385 407 417 480 
147 161 171 257 270 354 378 397 408 422 472 491 495 
1 82 96 132 171 181 216 280 286 326 334 438 452 
110 176 280 377 383 432 
43 103 110 118 124 151 157 201 229 249 274 322 332 381 394 496 
19 41 44 64 72 75 82 151 156 161 222 305 351 355 402 460 467 
32 54 100 110 201 427 431 
8 21 56 75 81 110 294 321 336 348 364 427 449 460 
93 110 128 145 175 240 354 355 390 440 450 465 477 
4 7 125 211 214 276 351 354 373 378 422 
27 35 45 155 180 205 240 300 306 362 373 469 
1 4 58 82 104 140 290 294 339 361 362 471 
55 122 158 161 275 339 395 477 
234 259 352 413 470 
54 82 103 177 227 229 230 242 307 309 350 376 377 427 449 470 476 
1 12 27 57 72 93 143 145 283 306 
59 81 112 171 239 274 296 449 451 474 
33 68 71 93 164 183 224 315 326 338 402 443 472 487 
15 180 242 381 415 
274 320 348 396 458 486 496 
20 25 55 208 285 352 427 449 
12 26 124 138 140 167 224 227 310 319 333 349 360 368 385 387 413 489 494 
57 326 
41 71 76 104 129 205 257 274 283 300 422 
45 72 110 115 145 159 165 204 259 279 280 360 371 401 412 449 450 478 
126 138 175 192 313 378 415 475 490 492 
93 129 217 350 368 394 401 421 
95 204 206 207 354 373 437 472 
12 41 68 110 124 194 315 319 355 443 
74 78 116 183 208 310 320 421 450 
94 116 159 175 225 242 368 410 475 
31 122 141 257 319 388 492 
8 35 127 268 279 300 334 343 431 471 
8 9 21 27 57 120 126 143 171 198 205 216 217 424 430 474 489 490 
111 355 477 
187 196 306 333 359 413 424 443 471 
13 71 125 140 204 239 257 272 279 280 320 350 351 377 388 
102 115 159 165 204 259 360 362 460 471 
26 39 41 129 155 168 185 266 278 290 419 438 
51 157 173 197 229 236 241 371 377 397 427 482 
2 51 52 72 100 162 196 207 217 276 280 399 402 412 421 427 476 
3 42 107 124 212 329 333 338 343 385 460 494 
35 78 105 162 164 212 227 358 373 400 413 469 480 
6 25 142 146 147 164 182 203 204 227 362 373 383 401 437 469 472 
69 72 85 94 183 229 240 296 319 470 477 
72 88 93 110 131 141 145 224 229 259 315 327 354 443 450 467 472 
95 177 263 272 274 283 367 484 
12 35 114 217 227 229 285 305 361 449 477 
38 45 82 154 169 180 221 258 281 286 296 360 368 460 470 484 
21 58 100 105 236 278 334 362 368 403 413 414 438 
25 26 69 89 104 135 150 171 190 204 290 355 395 478 
3 31 34 51 276 343 366 381 423 440 
12 31 122 123 145 177 192 266 274 319 427 456 492 
19 25 71 117 162 276 326 349 405 498 
6 96 121 140 143 146 180 192 224 265 266 316 342 427 467 474 493 
93 177 227 350 411 472 
18 54 80 138 202 205 229 259 346 349 361 414 432 460 471 484 490 
43 51 57 72 145 320 326 334 351 377 402 421 437 474 477 
104 111 204 229 234 310 362 366 384 397 
3 5 8 132 163 230 268 334 447 461 474 477 480 
27 142 344 354 477 498 
21 45 177 196 204 208 266 273 322 364 405 467 496 
31 55 129 136 151 163 306 319 366 375 474 
116 159 161 176 185 218 283 466 489 499 
55 202 229 266 349 358 361 427 460 490 
96 190 204 227 242 310 322 334 359 362 368 395 432 
3 12 43 82 125 205 217 239 241 307 332 352 377 392 430 
33 49 55 78 126 210 263 296 306 
21 24 55 77 82 172 207 234 242 252 275 300 379 423 427 442 
70 95 131 139 206 217 338 373 387 395 419 437 443 472 492 
20 55 82 117 120 143 145 157 180 185 339 350 354 
12 35 46 127 138 140 217 300 325 367 369 390 401 420 430 438 489 
8 48 54 72 116 183 229 328 350 351 384 401 438 470 487 
6 93 97 120 125 132 145 150 181 204 249 262 283 296 319 450 487 492 
45 53 71 120 130 196 243 258 336 362 381 
116 128 142 145 151 229 385 392 467 474 
73 75 120 128 186 204 218 230 266 279 308 320 326 405 423 
8 93 139 145 163 180 198 272 279 421 443 450 474 499 
27 68 118 180 196 227 276 278 377 399 426 470 486 494 
8 21 32 94 118 122 204 229 239 254 318 319 362 364 368 381 405 428 450 480 490 498 
8 32 156 159 204 234 318 419 469 478 498 
26 70 73 205 262 322 339 443 472 477 478 
8 26 205 236 244 294 
5 18 53 68 85 275 459 
1 46 90 279 414 438 
126 128 138 145 192 313 378 415 465 475 
110 112 197 229 307 346 352 381 430 461 470 
7 38 48 71 89 91 116 118 140 145 154 161 183 224 276 300 328 350 378 411 461 494 495 
18 21 99 112 120 279 285 286 375 489 
172 196 208 236 335 394 419 470 480 
8 38 91 118 186 205 257 285 378 400 419 495 
25 40 46 54 112 166 230 255 276 279 373 449 494 
55 98 110 196 258 348 470 
5 60 73 125 218 397 419 424 465 480 
21 58 71 183 205 319 378 390 
54 127 130 132 151 210 244 322 333 417 438 441 470 480 
70 208 217 268 283 402 
70 122 172 229 319 364 387 413 
33 93 161 252 338 368 402 436 480 489 
10 38 75 93 262 280 349 378 379 403 447 450 460 
2 72 181 262 450 
32 115 132 210 254 276 277 283 358 366 397 427 472 482 
39 43 207 
12 27 96 97 112 118 177 254 323 348 373 395 419 494 
51 110 189 234 296 322 350 381 
1 6 34 64 70 147 204 205 477 
34 120 130 145 162 203 283 439 489 498 
1 69 110 127 158 165 175 178 198 204 205 279 283 295 334 381 414 422 427 428 474 498 
14 38 43 54 58 74 112 125 148 151 215 239 264 305 319 368 395 427 443 450 480 
45 115 117 165 236 346 377 467 474 487 
36 45 69 83 88 140 224 259 266 285 316 387 496 
0 8 65 67 71 94 110 111 194 201 239 307 328 338 401 450 470 
80 116 145 368 427 472 494 
120 190 283 322 326 354 367 377 414 447 486 490 
90 105 112 161 197 230 268 306 378 
28 32 55 155 180 205 224 377 401 424 
27 71 175 201 234 296 319 411 413 415 446 
71 73 97 146 163 186 234 246 311 373 424 449 478 486 
46 52 73 96 107 163 177 300 334 369 408 415 422 470 479 
31 101 205 259 334 362 368 401 454 
45 64 79 97 129 140 189 226 240 295 310 326 333 338 359 401 430 472 486 
110 147 162 168 175 238 276 279 310 326 354 373 385 477 487 
9 16 21 82 93 142 168 180 204 272 283 304 322 354 361 411 428 438 470 472 
12 51 145 177 205 215 343 370 405 419 467 478 494 
31 55 82 122 140 141 257 265 319 368 387 388 414 477 492 
21 100 201 204 205 236 242 279 285 294 351 368 398 459 460 
72 151 237 272 290 305 328 339 352 391 401 405 406 422 
13 73 241 266 285 377 427 438 
51 205 321 422 440 450 
27 58 72 104 125 128 143 151 387 456 
8 18 27 31 116 127 161 162 215 217 226 296 360 368 449 467 
12 21 35 45 54 57 82 103 126 243 265 286 296 368 373 378 395 447 450 460 477 484 492 
12 33 55 131 177 234 246 265 307 334 377 450 496 
34 69 93 158 177 192 279 283 295 343 350 378 418 422 470 
12 82 100 132 170 260 290 346 394 421 438 
12 22 39 69 73 103 116 120 130 136 216 229 288 401 406 
46 69 116 158 279 283 295 422 474 
32 88 93 120 208 224 377 
82 171 227 474 489 491 
96 97 100 239 329 417 494 
4 14 32 53 72 78 116 118 160 262 306 381 387 431 
12 14 43 104 183 201 317 319 378 422 
6 64 73 88 151 172 211 224 229 338 381 419 424 450 477 
12 46 57 108 145 175 192 239 257 283 319 362 368 477 
5 6 15 72 159 169 209 270 280 309 368 385 450 
19 80 120 129 197 217 229 255 290 319 354 368 373 450 
19 131 161 227 257 272 283 407 
32 56 117 145 183 207 259 276 315 422 443 450 460 478 483 490 492 494 
8 40 75 77 82 100 105 142 145 156 196 234 326 366 414 
2 6 74 110 154 162 177 265 333 358 377 379 401 477 494 
72 110 116 126 158 230 245 258 283 307 320 381 402 456 459 
37 110 115 126 139 158 209 240 274 322 373 405 413 421 489 
89 145 204 227 230 279 298 350 395 413 
4 116 131 145 185 207 234 265 275 333 349 408 411 450 461 469 494 
54 128 141 161 170 227 257 298 336 368 375 401 405 412 470 
2 12 145 214 216 402 417 440 477 487 
39 141 151 156 180 194 198 254 300 381 392 411 427 462 
12 43 69 82 88 142 161 216 219 277 279 316 368 385 461 468 
6 31 46 69 151 175 192 206 217 224 229 298 319 338 352 368 383 438 487 
24 45 93 127 154 177 274 275 470 480 
25 46 61 97 145 156 198 227 229 239 377 381 438 486 
12 51 53 205 216 453 
34 118 140 181 192 226 280 310 349 401 
0 27 72 89 111 129 257 258 278 290 322 368 395 475 477 498 
18 27 45 56 103 106 137 195 229 268 274 337 351 368 422 
4 12 38 108 121 165 239 301 419 443 460 463 474 498 
12 26 93 115 121 141 177 241 307 340 349 374 401 469 480 483 
5 41 73 201 242 245 246 319 427 442 466 
8 39 70 71 105 112 120 147 154 343 358 360 371 405 411 419 467 
31 158 334 368 372 460 
38 151 243 300 371 
17 146 187 212 309 
27 35 38 94 201 217 296 
12 20 51 69 97 140 161 345 469 470 480 
25 72 90 114 188 204 208 216 283 378 413 492 
10 22 69 130 132 155 345 350 351 362 368 419 440 447 
0 104 129 236 263 285 295 361 362 385 412 418 
58 69 94 110 159 197 236 276 332 339 346 
12 82 140 181 224 262 290 300 302 408 438 470 
5 117 122 192 229 230 236 316 381 403 405 421 
0 198 294 
28 59 82 98 209 216 236 279 280 346 400 
0 49 51 59 62 73 93 96 104 115 158 178 208 215 272 338 368 377 381 402 403 
27 54 158 304 368 480 
1 3 35 45 48 116 176 177 224 257 336 369 443 470 483 
69 89 110 112 118 120 128 183 318 
12 71 162 201 342 398 415 453 472 
130 175 178 354 358 381 438 
32 54 66 73 75 85 97 147 186 214 222 224 270 279 378 401 411 413 467 470 474 495 
75 105 158 169 196 235 300 320 339 345 361 368 401 461 472 
44 82 122 129 196 234 309 319 427 438 
33 41 54 82 98 142 183 227 319 338 368 402 460 
25 44 73 120 138 139 197 312 322 371 443 
4 70 268 385 431 
2 21 55 94 204 227 229 275 279 348 350 354 413 494 
21 93 120 169 210 279 410 
21 53 197 239 244 387 390 463 489 
82 132 171 239 242 258 280 300 368 438 446 449 476 
8 54 122 158 171 183 187 226 267 275 316 338 355 419 426 440 450 
72 86 116 197 339 347 364 387 472 492 
91 96 115 122 180 186 201 208 231 270 296 415 447 471 
45 95 132 146 234 334 368 390 469 
1 2 108 178 270 275 279 286 320 326 334 348 379 408 438 452 480 
161 279 339 477 
4 16 21 43 53 73 75 183 198 201 317 373 378 395 422 
27 41 45 68 162 180 207 209 227 322 336 355 426 450 494 
46 138 161 193 239 300 325 344 387 412 438 460 470 490 
36 68 83 96 136 193 204 205 234 334 335 343 460 
8 31 55 165 236 280 321 336 373 470 
4 12 51 82 170 205 214 239 259 294 295 353 378 381 385 400 406 438 496 
45 69 73 161 183 205 355 417 
39 71 74 181 229 334 339 347 349 350 362 370 
27 41 120 171 207 257 320 322 362 367 474 480 
8 105 112 120 154 210 239 343 360 384 387 405 419 422 
16 21 25 69 111 120 130 187 229 239 242 304 328 354 362 443 447 494 
105 112 129 183 236 280 308 368 372 417 450 
4 53 130 172 204 205 236 274 279 336 343 358 392 419 
31 35 118 120 125 137 181 214 314 397 438 
61 73 111 145 156 204 227 229 236 239 334 411 438 486 
45 77 120 145 159 216 243 294 298 443 462 491 
8 69 70 73 105 110 183 206 207 217 249 270 283 306 354 372 406 460 487 
21 27 33 37 39 55 64 161 217 257 294 326 361 405 437 450 478 
39 93 140 200 351 354 403 
69 110 145 171 235 264 287 295 296 311 316 362 370 397 401 438 471 477 
5 54 72 80 145 158 219 376 411 413 469 492 
36 114 136 138 145 204 208 343 349 362 364 384 421 460 480 490 
5 21 31 71 72 120 130 216 311 328 355 356 419 460 474 485 494 
28 48 53 130 180 230 239 285 299 354 
13 45 55 118 151 204 222 236 239 241 266 343 416 427 
5 8 18 25 31 112 155 162 180 218 229 230 296 378 467 470 478 
27 43 111 118 217 322 352 385 
69 140 180 223 249 262 403 412 472 
31 45 68 97 126 224 296 379 381 411 442 470 
78 111 115 130 210 266 285 329 417 477 486 
10 45 104 160 166 175 229 241 372 453 
100 130 177 201 258 306 349 356 395 436 475 
25 105 116 216 258 279 285 296 349 368 
4 31 69 70 224 268 334 357 385 424 431 467 489 
43 55 141 208 239 304 384 
10 69 103 196 208 216 283 362 387 413 480 
8 21 89 100 118 130 137 161 176 318 347 361 381 
12 14 36 55 70 71 72 103 104 117 224 268 319 349 355 368 411 443 489 
1 8 63 130 201 226 257 274 322 328 332 350 362 366 373 381 477 
13 26 32 38 89 158 214 280 283 320 326 345 373 467 485 486 
25 105 132 145 159 168 207 239 249 255 257 286 320 334 354 417 427 460 
3 26 43 129 168 185 217 307 
49 58 75 254 318 350 351 438 496 
32 54 100 151 196 201 226 234 323 408 
1 25 31 38 154 161 198 220 280 296 319 352 358 394 443 464 
45 94 100 145 194 275 339 468 487 
5 151 294 460 
55 111 196 316 348 364 414 422 460 
68 82 127 147 181 214 226 385 400 413 438 
27 35 44 67 102 314 421 459 460 468 
22 73 89 90 115 129 151 173 192 217 275 285 308 377 436 440 472 
46 69 110 185 189 224 266 304 319 346 356 357 424 460 
10 18 21 39 97 120 241 249 307 315 345 349 375 419 461 472 486 489 
37 104 126 165 188 368 477 
24 46 71 339 366 373 381 472 480 
53 64 78 82 93 111 120 230 239 266 276 385 419 
51 73 114 276 294 305 347 381 387 419 424 474 
0 25 37 68 69 111 126 188 229 242 243 354 443 461 
132 161 214 229 256 279 338 362 494 
10 45 69 90 105 138 203 247 263 265 296 310 381 443 486 487 
2 52 118 129 151 282 296 310 368 392 477 
1 3 6 40 169 285 427 
4 27 40 53 57 98 104 105 111 172 192 193 226 256 309 381 
1 31 38 53 93 137 171 198 209 234 290 348 357 368 431 443 449 464 465 470 
55 68 70 73 80 97 183 185 203 215 217 229 319 397 494 
51 112 132 201 244 310 358 360 408 419 
45 48 64 167 217 229 308 322 332 334 335 340 350 381 400 401 424 437 470 476 
53 86 227 279 334 336 373 392 
5 145 161 177 196 424 470 474 477 
55 62 159 178 183 185 197 239 362 384 477 492 
120 203 210 236 239 387 474 
21 110 112 161 239 242 276 280 290 336 360 371 381 432 498 
10 27 185 248 334 368 496 
18 35 36 69 72 96 118 130 161 170 193 247 280 427 
97 101 113 115 171 229 306 362 368 390 
8 12 44 102 125 154 159 279 290 296 356 438 
69 105 145 234 239 259 294 371 381 440 486 
70 96 171 227 256 263 335 431 453 494 
1 31 33 48 160 189 196 279 371 401 412 419 441 450 477 
180 275 320 337 350 369 
27 82 161 172 196 280 318 352 360 362 368 449 459 472 477 492 
8 34 75 139 216 217 224 381 
48 104 161 193 355 364 450 
31 45 115 151 160 208 283 306 358 366 397 472 474 
2 12 42 44 69 70 72 120 129 161 208 239 283 296 413 424 470 
69 93 194 196 350 373 413 422 449 465 487 
2 49 162 207 279 298 350 368 375 421 489 
37 39 240 293 343 346 405 419 429 
25 39 43 196 317 378 424 468 
31 88 140 323 334 342 368 372 423 
6 140 145 197 205 239 419 475 
43 205 236 307 
34 143 205 283 350 
168 176 217 249 482 489 
14 69 72 75 86 142 151 217 227 229 281 336 370 420 489 
8 38 120 165 216 274 307 321 458 470 
27 43 51 69 96 112 254 307 323 334 348 351 402 477 494 
57 70 72 115 205 259 268 304 322 335 477 490 
49 77 145 268 275 306 363 401 438 470 
16 35 212 216 234 236 335 373 
5 31 39 73 88 120 285 316 366 377 387 390 438 474 
140 177 229 249 347 385 401 424 476 
21 35 48 58 81 100 117 153 256 370 381 414 480 
39 43 58 82 116 140 162 197 207 217 236 298 362 378 387 489 
2 51 97 181 188 208 215 308 366 
33 55 78 83 111 145 162 183 246 283 354 385 460 480 486 
85 205 263 339 362 384 397 421 481 
25 151 168 175 279 287 309 326 356 461 498 
69 97 131 145 177 185 234 265 322 348 378 447 
68 196 262 265 296 335 387 405 442 473 480 494 
12 18 75 188 
21 55 72 82 139 140 171 197 200 205 227 274 290 294 316 321 322 354 395 437 472 477 
31 46 52 89 109 140 180 201 234 263 268 285 351 390 403 427 
5 21 71 112 127 142 193 208 217 254 280 326 335 430 456 477 489 
1 2 39 110 122 174 207 229 317 318 352 368 450 
8 118 140 217 261 273 274 326 339 349 362 377 412 449 
12 21 279 316 368 427 438 
54 177 227 242 350 449 
72 96 145 151 215 283 306 334 369 411 413 477 
37 115 126 193 240 373 405 413 415 437 489 
41 53 105 112 154 198 217 350 368 
13 43 46 90 161 229 243 268 280 368 390 485 
208 217 294 345 
89 159 198 226 306 339 350 427 460 489 493 
72 147 177 180 192 219 306 348 349 356 395 436 
12 32 159 161 181 185 295 368 
12 25 88 105 120 197 208 258 259 279 283 285 296 343 349 361 362 405 429 450 460 
55 143 155 157 161 176 218 227 280 283 436 467 470 499 
12 72 75 77 217 277 294 326 396 400 401 477 
8 116 120 169 216 217 223 229 319 335 368 
39 48 69 151 152 171 175 217 226 236 238 257 265 286 350 423 494 
37 45 73 347 362 381 424 487 
162 290 349 354 438 
32 54 68 72 73 100 120 129 140 201 224 272 274 332 358 383 
28 72 116 122 146 154 168 203 210 234 316 403 424 454 471 
5 78 104 130 307 328 343 360 381 453 464 
12 71 95 112 114 120 183 241 295 377 413 443 463 
13 33 72 110 126 129 130 140 156 239 378 443 
14 96 176 186 205 217 219 234 283 309 322 460 
4 61 68 78 129 175 236 283 337 350 366 368 443 447 460 483 
6 120 140 177 197 274 276 282 283 334 336 368 418 419 480 
73 118 158 159 160 217 236 360 390 
12 55 71 147 201 279 398 460 
8 94 141 236 243 245 322 375 381 387 494 
8 25 44 69 196 280 326 360 362 367 430 
46 61 68 129 175 283 300 326 468 
12 31 144 161 182 218 266 351 367 390 424 450 489 
53 57 59 180 192 297 318 354 460 
27 112 120 204 239 296 310 328 377 
13 21 110 129 146 155 156 196 239 339 368 405 438 440 475 
21 125 217 254 328 334 
4 129 145 217 242 255 259 266 326 381 412 419 460 468 480 
75 77 151 254 277 294 319 326 363 393 400 474 
8 72 74 122 259 308 326 333 362 385 449 460 480 485 
69 104 193 294 300 361 362 377 412 461 471 472 476 
18 42 205 218 254 257 293 294 368 400 417 438 496 
10 24 46 79 100 130 218 274 286 308 366 368 373 381 400 419 467 
120 207 217 268 285 421 438 470 
17 161 165 196 204 234 258 277 300 350 413 419 474 475 
73 147 191 217 236 272 283 295 334 381 385 412 447 
21 96 193 196 275 327 346 361 362 385 494 
100 120 208 217 255 259 268 319 354 368 373 402 472 
39 41 64 111 116 120 159 206 216 217 259 281 288 322 402 
3 8 16 24 93 112 124 146 177 187 192 195 197 275 316 354 361 362 384 415 422 456 478 491 
21 31 48 72 74 105 112 267 328 479 
8 208 215 226 244 339 364 419 450 459 461 463 
68 71 72 180 183 204 276 300 350 381 442 
66 97 139 161 191 196 265 334 335 364 419 421 427 473 489 494 
75 176 196 381 383 440 443 
5 45 112 180 183 198 214 259 276 305 336 355 378 385 387 419 496 
34 45 69 78 122 129 158 161 192 285 309 354 377 423 494 
95 183 229 319 339 357 377 387 438 
12 72 97 115 122 183 294 322 364 383 460 486 
70 73 115 171 192 374 406 409 450 
12 82 89 120 163 192 217 266 279 290 344 362 438 465 478 489 
25 70 82 94 141 177 180 194 201 236 254 255 273 280 350 385 395 411 421 480 486 
1 54 139 145 151 158 226 275 280 385 395 412 419 427 438 440 449 
38 39 95 120 142 159 191 257 269 277 278 280 364 368 394 400 418 464 468 487 
69 93 140 148 210 229 285 305 345 362 388 395 450 463 
45 72 88 130 161 162 205 216 346 392 426 
12 115 177 265 307 316 319 334 390 443 449 496 
3 8 48 94 280 368 431 
69 100 155 239 329 335 379 415 417 438 
55 57 69 206 349 390 
15 45 54 70 71 94 97 99 120 236 254 338 438 
21 59 69 89 154 183 189 241 265 332 333 339 368 377 397 408 417 453 482 
32 51 64 69 75 111 120 169 196 207 229 235 270 320 361 371 377 438 441 461 
57 173 266 415 422 460 477 
51 97 110 171 185 197 216 311 419 424 449 
9 56 64 68 69 111 132 145 201 207 290 294 333 355 376 417 427 460 470 489 
51 69 82 122 129 158 171 185 205 234 279 283 295 422 427 
2 37 45 51 56 155 183 197 203 259 279 304 335 362 443 474 480 487 
85 88 97 388 490 
12 73 82 140 205 239 307 320 332 354 387 470 
33 42 196 266 381 401 441 474 477 
1 54 96 192 288 368 459 
5 53 57 82 185 186 192 217 239 273 310 362 387 477 
35 39 54 61 82 110 227 274 346 368 396 422 
1 16 53 88 130 151 306 307 322 339 346 351 477 
3 39 71 73 98 151 171 275 278 280 319 322 354 378 396 409 
0 121 141 295 322 374 401 450 467 469 494 
8 43 78 217 240 268 368 377 390 
10 22 55 104 170 183 185 322 368 427 449 492 
4 25 97 159 167 168 204 234 279 339 361 368 422 475 
0 12 25 45 79 110 138 322 358 361 403 477 
108 307 417 443 459 480 
37 45 71 73 141 180 212 265 275 279 354 362 430 469 487 
1 3 71 83 90 110 189 212 272 320 335 381 401 412 459 470 494 
8 12 58 70 111 177 192 194 384 419 422 472 477 
21 185 203 205 275 276 308 334 350 370 450 467 
3 32 73 216 224 277 345 346 349 350 362 486 
51 71 78 91 127 159 217 253 294 334 373 377 443 472 490 
161 177 193 204 276 305 339 387 389 403 415 
26 225 229 241 286 343 362 427 
21 62 80 120 162 180 187 240 267 352 419 464 482 489 
8 46 120 129 171 362 
2 5 12 168 240 276 354 420 423 478 
73 128 186 204 230 279 423 
25 69 82 103 120 122 203 207 270 371 403 439 441 460 470 
26 54 205 304 322 339 381 405 441 472 478 
12 18 44 86 120 125 132 142 171 193 287 318 362 415 469 470 477 
9 25 43 51 110 225 243 246 294 387 424 474 
142 145 274 328 373 385 467 
12 86 125 216 227 336 339 348 350 351 360 429 
12 25 206 216 314 338 378 383 401 438 460 477 
205 246 254 257 294 362 400 417 438 451 
46 69 187 196 217 224 240 290 306 333 343 357 359 413 424 443 449 471 494 
3 55 110 111 130 151 161 318 
1 12 43 90 110 138 175 197 201 356 396 448 492 
82 118 120 136 278 315 326 349 440 492 
15 24 39 116 176 181 196 255 280 293 316 377 381 432 467 
72 75 122 201 280 283 307 401 413 
110 154 229 239 266 274 480 494 
35 51 58 90 93 161 196 198 270 384 440 
10 98 102 120 132 140 183 197 275 349 360 414 470 492 
69 128 160 192 249 271 494 
5 8 42 124 165 227 263 321 333 460 470 494 
7 53 68 111 130 151 201 249 259 354 362 401 471 
20 32 97 120 144 345 346 363 389 487 
55 57 69 151 203 206 227 299 326 350 438 490 
8 41 82 93 105 120 129 217 223 227 258 263 272 279 319 352 384 412 424 430 
27 72 97 129 140 161 216 227 262 281 300 362 430 460 
31 88 97 145 154 164 274 323 342 376 383 484 489 498 
69 73 151 175 226 234 238 423 438 494 496 
6 54 71 110 112 114 145 197 307 401 408 
21 48 151 165 214 227 267 368 403 470 489 494 
12 31 54 59 94 142 145 177 259 314 326 393 419 427 
33 38 46 51 62 90 132 161 208 279 285 294 460 
3 32 35 96 204 205 280 411 438 453 454 468 
18 21 26 51 73 82 227 246 276 286 310 368 460 484 
46 58 70 71 120 125 167 217 300 319 326 345 362 381 401 468 
104 115 158 161 197 234 239 362 384 421 440 472 
4 17 69 85 116 145 186 218 224 266 357 376 395 424 489 490 
54 55 79 90 108 207 222 259 328 354 368 370 419 449 460 465 494 496 
12 52 333 368 415 490 
12 39 43 75 93 108 161 204 226 336 338 390 417 477 
10 43 185 201 204 205 222 258 316 351 371 419 
64 69 120 126 141 145 217 261 268 319 369 438 480 
35 38 279 328 334 362 410 467 
33 42 110 156 165 186 263 277 321 403 427 474 
105 163 177 204 229 266 286 422 498 
118 126 211 239 240 338 368 423 450 468 
12 38 44 77 158 159 296 350 440 472 
8 32 45 204 318 328 472 498 
1 69 151 217 338 352 361 385 
5 39 80 108 147 177 187 316 373 438 482 
155 165 196 205 207 234 290 
41 86 168 208 338 350 355 427 471 475 
21 42 89 117 145 322 362 381 415 
5 8 57 64 120 127 196 217 242 405 411 461 478 
7 12 71 72 114 116 123 152 156 360 362 400 
82 143 175 177 210 217 277 295 330 349 378 417 447 
73 103 188 236 266 351 456 
38 40 110 183 201 203 209 270 296 307 328 450 470 480 
51 170 194 334 360 385 492 496 
28 55 155 180 401 424 
72 120 234 278 280 344 412 421 449 
110 355 383 471 
71 85 154 212 280 352 366 460 
15 53 69 93 100 120 155 181 183 234 255 319 354 413 438 
77 82 196 207 216 227 279 357 359 373 379 392 484 
18 35 48 118 120 130 146 236 247 326 352 385 
14 51 53 116 160 190 262 275 351 381 387 419 427 
30 39 46 72 73 110 151 177 205 217 259 260 317 347 367 368 474 
12 26 103 129 168 185 193 203 381 438 450 472 
88 93 127 300 319 368 369 379 413 470 
12 69 82 97 115 159 165 175 204 224 239 259 309 357 360 362 377 378 424 447 461 494 
15 21 70 159 161 182 229 241 285 307 346 368 377 427 438 
2 93 100 115 145 236 383 419 438 
96 204 310 334 359 450 477 
3 8 49 69 93 96 110 129 161 204 206 277 345 368 427 489 
58 100 159 171 185 193 198 288 310 414 
2 12 55 120 320 328 372 377 379 
216 286 338 354 402 414 442 470 
145 173 183 214 227 299 325 364 381 418 480 489 
93 140 152 183 224 255 270 275 278 279 328 355 423 470 
37 51 171 235 394 411 419 422 480 
86 93 112 125 194 257 370 419 460 492 494 
82 142 196 349 438 460 
12 19 26 54 80 120 131 326 352 358 360 381 413 440 450 470 
25 55 123 237 240 319 328 360 427 438 453 476 
0 41 45 46 75 90 145 174 217 242 257 275 279 296 297 307 345 351 405 427 431 487 494 
12 75 120 142 145 196 219 229 252 259 322 395 419 443 450 462 
58 71 98 100 254 275 304 319 414 480 
12 118 120 349 358 377 387 421 
53 75 82 161 178 183 209 236 280 346 348 400 401 
4 68 71 108 198 217 224 234 343 362 372 381 480 
12 82 161 207 234 239 307 320 332 352 357 381 438 489 
66 85 100 128 175 205 256 300 339 403 447 467 470 495 
12 21 99 104 144 218 266 285 309 315 369 
74 80 86 97 159 234 319 372 453 
8 40 75 88 100 126 131 234 262 274 354 366 490 
10 22 86 104 132 168 372 453 
27 32 45 46 117 164 224 281 300 379 392 400 456 460 487 491 
4 6 8 32 205 230 244 279 331 377 440 459 463 
8 12 21 53 88 100 176 244 281 377 422 450 
52 160 201 282 300 310 350 354 368 392 478 
25 151 162 164 170 263 309 460 468 
4 25 96 140 158 180 216 304 381 477 494 
2 162 229 275 322 350 368 424 494 
27 89 93 97 110 155 174 213 274 299 334 339 403 466 475 498 
32 33 43 130 138 140 167 300 319 343 
3 21 39 64 79 88 115 125 154 261 296 298 305 371 450 472 
4 73 100 114 120 143 159 161 185 196 248 265 266 319 351 354 368 388 397 424 456 
61 275 368 373 
15 38 73 234 309 314 417 419 442 466 477 482 
51 139 161 207 229 236 239 334 368 401 
2 25 39 43 81 283 308 378 414 424 
38 105 161 234 331 351 362 368 421 443 482 
6 45 71 97 161 198 205 226 266 278 349 446 476 489 
25 45 120 131 132 157 171 290 350 351 361 362 378 411 417 437 443 467 496 
17 21 110 156 205 239 275 277 326 339 431 443 496 
12 41 48 51 86 110 122 130 145 171 274 283 308 319 353 456 470 489 490 
157 175 260 369 381 447 470 
8 63 71 95 110 114 156 183 198 201 229 279 307 332 350 362 381 395 477 
110 114 175 204 266 276 326 354 438 
70 112 127 129 145 204 210 217 362 368 373 413 438 467 
12 14 62 69 73 100 118 120 130 151 205 207 335 346 387 467 470 
4 18 28 53 69 91 95 120 127 140 181 217 261 321 334 419 472 489 
25 48 55 89 139 151 168 177 197 226 254 257 322 333 366 427 
18 82 91 111 120 140 180 196 234 258 262 277 289 300 308 319 350 378 407 413 419 421 470 
43 73 91 112 120 130 139 266 274 313 361 467 472 
126 161 164 217 262 308 322 440 477 490 
36 45 68 120 129 183 189 192 234 280 327 369 378 388 422 427 462 484 
105 112 127 138 142 369 419 471 480 483 
69 73 112 239 316 440 480 491 
2 4 27 31 70 97 100 129 137 161 204 210 229 277 304 351 368 396 422 453 494 
145 164 210 322 361 367 373 440 467 490 494 
8 46 147 299 387 450 
120 140 192 196 197 278 322 344 362 
59 69 73 132 159 370 400 460 472 487 492 
0 68 198 234 343 346 
12 18 36 55 115 117 143 177 183 265 279 294 307 334 362 496 
137 161 183 268 336 362 373 375 472 
150 168 194 345 423 
1 49 71 75 97 120 165 195 214 283 329 401 
37 73 77 93 115 132 145 158 159 165 204 222 259 316 343 350 360 374 381 430 440 449 
8 30 118 132 145 234 259 264 265 300 350 355 
1 2 31 93 112 209 234 283 368 419 470 
46 54 82 154 239 240 242 273 279 280 295 370 486 
35 196 215 278 286 326 350 354 377 413 422 465 
5 33 73 100 117 229 259 296 321 362 377 415 442 453 
4 15 41 64 89 93 100 203 217 239 249 266 310 328 334 486 
43 151 154 164 206 229 231 265 298 388 424 438 494 
34 85 93 116 129 192 281 304 322 343 400 430 470 477 
57 89 114 118 172 196 205 224 300 346 368 
43 85 111 116 192 198 217 249 283 295 304 311 356 400 423 430 
68 110 111 159 177 340 351 355 397 405 412 415 422 477 487 
1 4 90 339 
19 36 61 70 71 164 205 282 300 320 349 377 394 405 438 440 480 486 
41 57 73 197 230 245 295 299 395 402 
27 32 46 125 140 164 242 296 300 328 354 368 460 
10 52 75 104 118 213 257 339 350 413 438 
38 53 69 89 177 205 209 277 285 374 421 
80 159 238 308 319 368 409 443 
24 41 69 70 145 265 275 401 402 449 496 
26 48 73 139 
21 53 197 239 352 387 390 438 489 
2 25 28 44 75 104 120 157 172 334 364 387 421 
110 116 129 168 209 236 280 346 374 415 
8 57 175 190 192 196 214 259 358 385 421 450 489 496