90 97 120 128 204 314 440 449 450 456 494 
6 54 70 71 95 145 147 197 205 360 423 
110 120 208 217 268 385 402 403 419 
53 70 85 100 108 126 140 151 154 167 172 173 226 308 339 348 390 414 419 
15 129 268 289 301 358 381 418 421 471 
0 21 146 198 234 258 294 308 353 413 
19 105 130 151 201 204 236 294 354 357 438 472 484 
1 2 35 45 70 205 214 234 239 266 276 320 322 368 405 
57 120 130 164 197 230 245 270 276 282 392 395 402 486 
43 93 125 154 163 198 239 311 381 405 460 
5 45 48 69 70 104 112 156 180 204 348 355 472 
171 193 245 298 339 395 403 
8 37 45 54 57 122 196 223 260 279 298 320 349 381 405 461 466 494 
12 72 94 96 145 176 189 204 229 296 310 322 348 359 375 390 432 477 
30 70 262 276 296 315 328 357 362 370 372 387 405 477 480 
3 42 115 124 126 137 145 283 304 308 316 333 350 358 385 397 460 472 490 494 
4 21 25 78 99 177 198 256 266 285 289 418 
21 51 52 69 90 111 175 210 217 257 263 321 333 364 373 377 381 
4 10 12 88 108 155 175 239 240 315 362 443 
48 97 98 110 175 196 241 307 345 348 470 
10 38 145 214 236 336 346 351 422 438 468 
37 39 51 71 79 91 111 121 145 161 175 208 
1 55 118 151 203 216 259 273 276 343 345 377 384 
36 52 72 82 117 122 140 154 177 192 207 224 280 346 362 400 411 438 468 494 
43 51 60 64 78 82 93 175 208 217 280 294 297 368 390 407 
2 120 158 196 275 278 295 489 494 
54 73 100 111 127 161 259 335 449 496 
15 115 259 305 
2 33 55 78 129 145 193 196 201 217 224 234 246 266 320 333 349 350 390 447 460 478 
27 43 112 163 190 229 295 299 346 362 403 419 422 430 443 480 
111 128 281 299 320 354 368 381 419 477 
78 116 180 196 198 235 236 256 262 283 334 350 366 418 442 443 470 480 483 
75 105 143 196 217 229 265 368 498 
4 6 31 35 39 161 186 204 280 290 315 319 362 368 453 
73 110 156 196 249 268 275 347 419 443 480 
31 39 145 275 352 415 449 492 
79 151 260 281 295 347 364 368 377 474 
32 63 73 100 228 268 323 343 351 381 384 400 438 470 
151 161 279 290 305 339 422 
3 10 108 118 122 156 176 254 294 326 351 355 362 370 385 438 449 
20 55 129 183 187 198 273 276 283 299 310 345 381 384 470 
8 38 48 71 145 180 195 236 263 279 307 315 317 348 350 368 392 411 470 472 477 480 
15 19 21 60 85 111 145 151 168 208 217 280 294 296 361 364 368 405 422 494 
21 58 110 140 334 405 438 
21 46 75 110 116 205 274 316 483 
8 70 183 192 217 347 370 384 419 422 467 478 
9 122 159 198 224 232 351 360 424 492 
35 72 103 192 234 256 328 396 401 472 494 
4 96 120 140 175 177 183 297 319 387 494 
8 43 53 192 266 290 320 408 443 
0 1 34 68 97 111 118 120 145 147 212 217 317 354 361 373 395 489 
21 70 78 111 130 203 205 210 266 308 329 350 477 486 
90 99 105 156 161 197 198 268 279 290 306 395 474 
110 132 145 186 270 322 339 346 347 365 390 408 438 474 477 492 
31 201 208 217 339 368 414 447 456 477 489 
25 45 73 80 116 145 164 180 316 361 440 442 470 
5 25 45 71 208 212 296 315 326 397 471 477 492 
118 161 163 176 194 294 298 315 328 350 378 438 440 458 480 
28 131 173 239 362 369 437 
72 180 181 266 283 290 357 427 477 492 
24 51 79 82 121 143 192 224 241 265 350 379 405 419 474 490 
88 250 275 462 490 
43 96 118 172 229 254 277 319 352 368 381 459 474 477 490 492 
53 71 72 89 277 285 339 354 480 489 
86 97 112 125 192 194 217 257 319 368 373 467 487 494 
21 43 78 103 130 151 162 202 276 311 326 334 338 339 345 368 447 456 489 
2 162 165 174 352 368 460 
115 145 196 368 371 405 
12 58 110 124 145 171 190 217 319 334 338 355 377 387 405 411 461 463 
45 77 100 120 204 208 229 243 244 310 322 359 379 443 462 
4 36 167 170 287 295 339 343 353 490 
107 110 116 120 203 287 303 317 319 352 362 415 468 471 474 477 480 
57 58 83 89 177 316 332 350 362 438 461 472 476 
8 69 71 72 125 145 155 269 279 304 395 
12 27 32 120 161 193 196 197 216 283 290 302 328 360 362 384 392 449 490 
25 88 96 171 196 405 417 438 468 469 470 
30 73 90 120 165 171 236 278 280 368 377 449 487 489 
8 14 71 275 308 319 320 328 335 366 459 
33 90 132 145 175 204 205 254 322 328 355 364 365 373 438 474 
7 8 38 91 118 139 151 378 495 
18 53 124 125 205 266 279 326 356 411 438 480 
145 318 368 427 460 474 
1 46 259 270 319 336 390 401 402 417 438 477 490 492 
29 32 129 130 145 180 431 480 
45 51 69 73 110 116 120 130 152 157 159 162 242 380 381 391 427 
15 157 173 175 185 197 198 229 275 349 
27 41 71 145 163 187 280 366 438 443 
120 175 177 198 218 266 268 326 475 480 
75 93 100 151 204 280 329 335 346 413 415 417 441 494 
0 27 85 89 97 129 322 368 419 474 475 494 498 
5 18 35 70 118 130 145 158 172 196 247 276 278 280 294 336 346 367 385 
16 21 53 88 94 151 175 192 217 276 315 322 348 354 492 
28 45 71 86 161 209 216 234 244 280 296 326 362 368 381 438 480 
32 54 177 227 231 242 296 350 449 463 
8 41 55 93 100 227 294 351 384 440 450 
3 45 51 79 85 102 158 161 168 207 249 272 274 286 319 400 421 453 
6 8 10 12 49 118 126 132 183 196 205 215 216 230 429 438 459 
8 25 45 46 175 194 230 296 318 328 362 364 380 381 411 491 
21 104 115 201 205 310 329 352 362 422 427 450 
6 114 116 129 181 187 196 216 217 266 306 333 359 368 413 424 437 443 471 480 487 