46 185 274 304 319 346 356 368 
69 70 183 249 306 308 381 407 
32 46 54 93 151 161 177 188 195 229 283 347 379 391 494 
0 26 275 285 287 315 419 471 472 
83 86 110 130 185 314 326 361 371 
85 130 146 162 237 348 354 377 460 
73 162 175 186 229 354 
3 16 38 54 74 124 197 350 368 470 489 491 
8 39 112 122 145 161 223 265 321 394 427 437 472 480 492 498 
93 120 158 159 169 180 210 226 312 322 366 410 429 443 473 
31 306 366 474 
2 12 31 51 80 126 127 145 154 177 217 243 316 334 362 366 460 
8 36 38 69 100 175 217 232 239 300 304 305 326 343 401 408 438 
2 33 69 118 147 196 262 298 326 414 422 450 472 
1 44 70 72 181 208 220 227 279 298 328 338 414 438 468 
1 13 25 26 93 116 214 471 
32 43 120 255 261 269 278 293 333 377 400 401 411 440 488 
27 37 38 51 82 92 110 118 175 187 276 327 401 450 
8 51 86 120 125 138 208 290 305 315 339 417 422 
7 8 68 196 201 259 354 401 
8 18 42 71 192 293 300 384 422 470 496 
7 21 48 78 210 226 339 347 463 480 
55 80 125 145 151 159 179 239 249 274 289 379 422 
21 46 52 97 126 137 240 280 283 290 295 316 337 350 440 460 471 483 490 
21 26 127 203 205 280 308 318 350 361 405 
12 32 130 155 176 183 205 314 346 350 362 377 415 470 477 487 
142 143 147 155 161 204 280 362 383 401 467 472 
72 120 266 290 357 373 421 426 427 494 
2 40 71 196 262 295 310 362 421 489 
8 48 112 130 140 154 182 197 277 421 449 477 
15 54 130 154 156 174 266 276 356 390 480 
242 266 280 285 308 353 422 472 480 486 
82 96 171 181 216 
73 115 122 140 165 377 419 464 
22 115 118 132 230 261 273 310 326 412 414 
55 68 86 103 281 362 477 
132 145 170 177 178 188 208 260 322 334 374 394 421 449 
93 128 177 271 352 401 
8 21 70 154 185 205 242 275 283 300 345 423 450 468 
21 48 64 210 224 339 368 388 480 
0 8 49 51 145 234 264 300 350 381 456 
23 45 70 93 97 110 129 145 276 279 343 371 397 
0 27 79 296 364 461 
2 49 168 183 205 224 272 276 287 405 421 428 454 460 
8 75 82 145 151 175 217 234 264 268 276 277 300 336 349 350 370 417 
25 55 72 93 111 112 115 127 159 280 283 333 334 442 
142 283 293 368 
21 45 99 117 145 151 266 285 315 322 362 373 413 418 423 450 489 
31 38 45 49 52 69 110 169 180 207 241 258 368 461 489 
4 28 32 72 103 140 161 204 234 298 362 422 443 482 
39 112 145 161 208 217 268 402 482 
3 10 38 64 70 72 121 276 294 326 419 454 456 
12 115 134 161 173 192 195 239 252 275 285 345 368 377 401 422 481 
10 55 68 120 320 328 372 494 
81 85 93 145 159 204 236 272 383 419 
14 32 89 120 140 143 231 264 296 438 463 472 480 
6 21 25 68 70 122 146 351 401 
3 159 165 217 338 368 403 
18 53 112 124 205 266 282 326 337 411 460 480 
159 193 343 413 422 476 
104 131 140 161 204 207 443 475 489 
21 71 160 162 172 236 350 351 366 379 401 432 443 
51 52 145 197 241 294 364 378 405 489 
21 38 45 96 104 116 169 180 216 258 287 296 346 359 414 422 462 480 
0 17 112 130 151 196 309 326 350 368 477 485 489 
72 90 112 116 192 196 205 261 377 385 438 442 
8 17 19 96 130 151 172 207 234 252 352 387 395 400 407 413 427 494 
19 75 116 161 189 217 407 460 
115 161 229 239 345 373 422 
35 52 112 203 217 236 307 381 470 472 474 
17 24 140 155 163 204 217 352 427 475 
31 108 192 334 368 372 460 
59 71 130 151 154 236 240 277 294 307 315 332 333 356 368 453 483 
70 73 142 160 197 224 294 440 
6 27 72 131 137 140 145 197 205 239 243 351 371 419 422 475 
12 31 161 218 237 352 367 438 450 
112 132 161 280 288 329 401 467 
158 259 268 335 346 363 385 389 443 477 487 
3 12 16 68 71 124 164 183 197 236 339 354 374 390 438 456 470 491 
20 26 32 55 70 71 241 345 385 392 407 
82 286 368 460 484 
1 25 48 71 73 127 151 172 234 236 254 300 333 366 419 427 
45 164 178 322 326 353 355 417 440 441 
8 15 59 73 75 140 198 205 216 309 320 349 383 387 438 
32 33 36 43 57 73 117 155 180 224 259 300 334 411 
32 54 100 201 270 460 
70 123 136 147 161 172 198 319 387 415 450 
5 60 125 161 218 279 465 480 
8 17 18 26 39 53 124 151 205 206 263 266 282 306 307 326 345 351 358 381 411 480 
45 83 255 303 368 381 392 472 480 492 
39 112 145 280 401 
8 45 80 112 120 241 266 295 334 342 377 443 453 467 
68 75 111 280 354 385 422 470 496 
4 5 31 39 43 75 80 161 229 368 395 453 477 
37 61 76 169 250 275 436 462 470 
3 39 54 120 161 173 175 204 217 242 336 352 353 368 
31 75 155 229 411 
12 118 160 193 238 296 300 306 320 326 346 373 390 408 487 
5 61 112 132 145 180 227 229 239 279 355 484 486 
46 73 129 171 183 186 188 249 267 275 318 368 395 471 