8 12 28 33 70 72 285 321 347 373 438 468 
69 75 96 140 147 178 266 283 357 358 442 460 495 
129 310 390 440 484 
58 73 162 175 176 186 196 229 438 484 
132 308 320 378 
72 218 275 301 378 384 419 437 472 
21 28 35 99 110 120 185 196 229 266 285 307 316 332 334 387 
33 41 93 115 128 177 271 279 283 319 346 352 358 364 397 401 423 424 472 
70 277 
31 68 73 107 161 207 208 314 316 336 401 438 
21 55 57 118 124 192 362 411 
89 145 163 180 217 237 266 274 300 465 478 489 
43 54 81 92 96 104 115 158 224 226 240 275 327 328 354 419 440 454 
25 41 45 46 173 183 196 208 215 373 375 422 
15 49 118 127 159 168 229 274 277 368 421 424 489 
12 32 71 95 104 145 161 224 308 370 421 426 459 
21 80 90 100 105 161 197 230 268 306 362 403 405 
4 33 111 115 242 319 402 493 
26 43 96 161 171 216 217 274 305 308 368 474 477 489 
12 24 51 120 130 234 335 385 390 449 472 
126 137 316 350 454 456 460 490 
57 110 202 208 343 347 487 490 
2 41 145 161 188 193 279 326 334 460 480 486 
151 194 216 498 
21 53 93 97 145 168 169 229 349 381 410 477 
21 41 45 55 110 112 115 116 118 129 161 300 334 358 381 411 453 490 
27 97 112 118 171 198 234 311 349 372 401 415 428 449 450 
93 95 110 120 318 378 392 440 492 
4 70 104 120 183 214 280 351 414 422 
8 64 111 120 136 142 161 266 283 
0 82 93 151 204 227 242 320 350 352 
30 33 54 70 116 177 256 276 315 357 388 489 
1 43 78 93 143 177 196 204 282 294 307 342 362 401 410 
3 54 88 127 183 217 314 328 334 352 413 460 470 
51 110 127 183 189 296 314 322 328 381 411 413 470 
8 41 73 194 200 205 236 299 321 387 390 491 492 
93 116 147 346 447 
45 72 82 151 180 209 290 298 300 305 339 350 400 422 472 494 
8 17 26 45 108 115 283 358 370 372 413 487 
12 22 68 70 122 158 168 182 196 205 229 239 266 316 394 411 438 484 
32 69 107 275 308 348 358 368 419 438 468 472 
54 114 116 130 227 274 332 346 364 396 401 409 
38 70 97 120 121 130 143 177 240 310 323 362 368 393 395 419 449 470 
21 25 27 45 122 187 217 333 350 360 380 385 413 
41 112 354 368 492 
0 102 130 242 477 478 491 
28 70 74 118 127 192 266 299 306 344 360 403 427 442 443 
41 48 112 145 151 163 224 229 259 295 306 310 314 393 426 489 
43 58 97 104 110 112 196 270 326 396 400 401 449 
90 151 205 210 278 279 307 368 490 
115 130 300 332 370 372 375 413 450 486 487 
12 31 100 161 217 339 477 486 
53 75 161 178 326 401 469 487 
34 140 166 210 273 280 307 320 333 349 376 401 440 447 459 
43 100 115 162 177 244 275 381 419 453 472 477 480 
38 43 46 88 128 140 145 198 319 348 368 401 411 471 
68 110 138 183 226 234 274 278 381 411 419 
53 86 115 120 143 236 373 387 438 450 492 
54 75 110 150 182 190 234 300 309 385 437 477 
0 18 35 45 70 73 82 111 130 239 242 244 297 343 351 463 494 
1 162 168 196 229 231 265 266 309 354 486 
21 54 70 90 108 111 154 156 157 319 401 471 477 
2 35 73 82 95 161 186 206 320 350 362 377 440 450 494 
4 126 180 212 259 322 351 483 
71 126 137 279 283 316 339 350 351 460 490 494 
36 45 53 55 100 136 162 196 217 249 262 274 334 339 373 432 470 
80 104 177 265 316 371 413 438 482 486 
54 73 217 259 275 326 449 477 
88 103 155 179 205 240 241 254 257 293 295 304 335 419 443 470 486 489 
216 286 338 354 402 414 442 470 
38 43 122 132 140 254 266 283 473 477 
4 6 46 98 145 161 163 183 203 214 215 259 268 454 494 496 
1 18 27 38 145 163 332 415 422 449 
8 18 180 215 217 230 462 495 
4 234 266 279 438 
104 123 161 192 193 355 364 486 
54 281 427 
68 104 117 161 180 201 205 227 244 397 426 427 450 489 494 
8 71 138 139 161 242 280 298 421 427 
12 54 69 100 110 368 438 480 
6 31 112 120 128 129 140 162 168 177 204 239 266 362 369 454 487 
72 118 145 216 323 334 353 400 483 
32 35 88 97 115 120 185 199 224 348 370 377 419 
2 12 21 132 198 204 216 275 276 349 371 381 432 443 453 472 
80 145 147 181 262 302 377 447 
197 241 364 405 
48 74 102 130 151 154 165 214 219 283 366 390 419 494 
70 145 162 217 310 461 
72 88 105 107 111 140 294 323 342 368 395 423 489 
51 56 145 153 188 266 301 311 339 372 403 438 459 489 490 
42 77 154 158 167 349 350 366 368 375 390 415 440 
2 10 28 46 93 115 128 145 192 205 234 242 276 381 460 482 
5 70 158 172 205 274 276 278 316 336 
21 27 69 122 172 207 210 234 279 308 368 408 438 470 498 
5 10 16 112 140 168 180 265 335 355 358 381 461 
0 52 55 93 159 168 177 230 259 278 313 368 412 441 472 
69 110 115 147 186 308 317 368 376 390 413 438 461 477 496 
12 19 21 131 161 208 219 227 272 283 338 361 427 477 
0 36 45 72 88 181 201 259 266 316 358 408 
73 80 83 160 314 367 368 413 414 489 
0 32 85 142 181 214 227 243 397 405 438 491 
25 45 57 73 122 155 162 180 229 259 326 334 450 
13 25 54 155 181 209 240 274 276 362 381 393 424 480 
12 46 138 300 325 438 
4 53 110 125 177 196 212 227 274 283 321 380 403 429 470 
13 54 71 163 240 259 274 294 369 378 424 472 486 
120 237 352 438 440 450 476 494 
42 161 177 212 285 296 322 337 387 413 447 
37 45 48 131 171 177 235 280 411 419 422 449 
24 35 37 43 96 217 307 422 
34 82 100 120 130 162 192 203 297 387 405 439 
12 58 140 204 229 240 318 357 438 449 492 
12 21 33 51 162 246 265 298 326 368 477 494 
27 90 114 151 171 234 239 258 352 438 449 
51 53 84 110 121 178 183 274 296 322 381 438 449 468 477 
196 198 279 283 318 413 422 477 
2 7 27 45 54 69 72 140 180 205 234 275 296 319 390 
73 93 112 147 191 217 295 307 334 
31 48 75 111 275 299 318 323 354 368 422 477 
1 12 70 112 164 294 320 334 338 350 355 368 414 427 475 482 
159 275 347 348 368 440 443 483 
38 71 110 196 240 272 308 355 392 400 401 423 440 
14 41 93 110 115 119 177 180 181 310 324 427 449 492 
38 145 285 374 
4 7 21 44 82 125 151 234 236 276 309 319 
15 43 69 102 130 345 351 354 376 381 486 490 495 
17 30 37 53 57 120 132 161 192 201 360 413 487 
5 54 72 105 205 206 283 322 362 423 430 486 
49 51 140 254 277 283 310 318 335 381 438 464 494 
58 66 82 122 126 145 197 217 224 274 321 350 369 412 427 490 
1 3 116 127 162 180 183 189 263 309 345 368 460 461 468 
41 82 111 161 215 229 259 266 279 281 322 351 402 487 
57 70 144 159 174 196 206 309 316 339 368 427 438 447 489 
27 43 64 70 121 276 283 403 419 430 442 447 
33 70 118 140 175 346 
3 346 362 370 372 397 440 
33 110 128 197 289 301 350 471 
42 55 69 72 171 175 339 362 364 368 417 423 449 486 
24 88 94 97 104 115 196 216 217 280 322 339 427 487 
32 63 161 470 
35 72 100 111 115 145 199 249 268 329 349 360 405 422 444 
120 168 185 194 256 259 270 368 387 489 
8 11 46 58 82 114 140 159 227 242 350 368 477 
112 145 183 203 205 215 239 257 294 320 419 451 482 492 494 
89 102 130 163 345 351 
32 97 118 130 204 239 266 336 431 460 
31 33 45 127 140 173 279 295 298 311 327 406 467 474 496 
21 71 120 126 279 319 352 373 397 430 
5 12 154 203 239 310 360 362 377 470 477 490 
25 42 124 168 175 187 298 333 347 381 385 
77 139 183 217 234 346 368 427 449 
5 31 80 108 162 207 279 334 368 372 376 
12 14 45 71 104 155 161 214 266 319 322 338 368 392 446 
54 55 57 78 93 145 151 204 227 266 280 287 294 309 415 441 450 472 
45 71 127 181 306 348 368 
117 183 203 286 356 494 
72 95 112 159 163 238 279 296 319 396 409 443 477 
14 44 53 116 160 234 309 319 381 387 
32 69 107 348 368 468 472 494 
45 55 56 116 151 153 162 166 196 266 280 311 459 480 489 
43 45 49 97 168 181 239 244 262 281 285 294 320 328 338 470 490 
1 8 72 108 120 127 147 171 217 234 334 375 381 418 437 461 
32 54 57 58 62 64 120 122 136 171 178 196 216 266 412 437 
35 46 58 69 157 173 308 348 360 411 422 450 
12 90 110 136 212 229 258 266 309 322 336 366 373 378 383 486 
48 71 82 100 165 205 217 236 279 348 350 477 
22 25 31 361 436 
25 33 64 70 120 128 164 227 255 276 279 283 316 366 395 422 427 438 460 477 
34 116 130 162 183 197 203 276 278 283 405 439 460 
10 70 75 93 208 220 280 378 447 450 468 
9 12 25 32 105 128 196 197 205 217 258 346 400 415 450 461 
36 75 174 217 257 296 343 427 490 
69 151 163 203 205 209 276 308 335 349 373 379 495 
8 9 41 122 204 259 272 326 381 480 485 
38 90 217 259 269 279 310 322 354 
32 49 54 100 118 120 201 306 354 470 
12 82 104 131 144 218 309 315 368 369 
26 27 43 45 55 104 177 192 266 279 290 297 320 340 368 481 483 
8 187 217 312 
3 34 51 276 310 343 362 381 423 460 480 
85 97 172 322 413 419 474 
125 132 147 242 267 280 296 316 328 368 480 
36 103 140 236 266 278 351 381 440 468 472 490 
33 63 73 93 129 193 201 239 279 332 350 362 381 387 460 477 489 
60 93 115 120 162 165 196 208 249 280 285 289 294 362 368 377 443 456 460 470 
8 16 155 192 205 234 383 387 
12 252 381 401 466 474 478 
2 32 43 54 62 110 130 140 155 159 183 210 217 326 368 421 427 431 449 
12 21 115 120 177 194 265 266 307 334 357 368 401 496 
64 142 154 165 217 308 321 344 349 377 387 401 464 487 
3 18 33 37 51 70 129 198 257 278 281 308 340 353 368 427 438 
2 4 45 53 62 85 159 160 181 192 196 208 240 241 272 321 467 
158 288 310 334 338 339 373 405 450 460 477 492 
4 26 73 145 177 181 189 205 263 266 319 322 377 421 472 477 480 
5 18 68 85 105 112 120 154 275 310 343 360 405 419 459 
125 145 161 168 178 209 214 217 258 304 321 339 362 364 460 494 
17 27 32 82 123 141 158 159 216 249 294 304 350 368 477 489 494 
0 3 26 72 103 123 140 168 217 240 242 321 352 368 459 460 
25 82 161 196 294 296 378 
8 129 150 168 194 234 290 345 423 438 494 
8 75 159 185 196 205 217 227 240 276 335 368 403 421 438 470 474 
30 98 145 171 177 203 362 472 
12 90 132 173 175 183 205 279 352 364 368 381 419 420 472 
54 218 222 427 460 
7 13 27 120 143 145 161 172 183 217 274 275 280 352 354 397 440 467 485 
110 112 203 280 290 336 377 
3 38 72 104 139 156 201 259 275 350 470 
18 35 70 120 140 145 183 192 205 255 278 355 423 489 
115 120 168 183 204 205 239 266 272 318 343 417 487 494 
120 234 274 278 344 
12 79 80 286 300 308 319 381 400 401 413 414 467 480 489 
31 93 126 132 215 216 283 310 366 375 381 438 
1 72 132 187 205 276 285 294 297 322 344 395 
0 32 142 214 243 405 436 438 491 
2 25 71 82 125 143 198 205 276 279 319 320 322 343 348 363 448 474 478 494 
0 32 33 108 128 205 278 402 422 472 480 486 490 
2 37 51 53 57 111 143 145 180 205 218 290 413 
35 95 129 204 335 350 397 401 419 421 459 
53 93 110 168 181 215 236 283 300 304 377 431 
54 72 132 145 217 219 368 413 450 
1 32 66 117 201 227 234 236 239 280 437 456 467 489 
25 39 43 70 112 151 196 204 226 234 283 378 408 424 427 
12 73 190 198 217 258 270 
21 38 53 72 75 120 145 177 203 266 350 401 474 494 
58 115 151 153 183 239 263 421 427 438 447 470 
0 15 27 70 73 89 120 129 215 256 304 336 356 378 441 475 498 
1 32 127 175 259 278 279 381 402 414 427 428 
2 13 37 68 96 154 241 276 309 347 377 397 482 
20 97 283 308 319 345 352 390 395 413 416 477 
21 31 33 39 94 159 161 183 204 274 297 336 338 368 401 402 427 
8 68 73 160 243 283 300 308 343 351 362 452 
8 120 122 201 277 350 
31 38 45 98 112 144 198 223 239 263 270 354 355 392 414 426 458 477 486 
27 64 112 128 153 183 201 217 289 301 405 419 461 471 
26 69 70 82 161 204 349 384 412 440 449 494 
12 24 56 75 105 110 120 177 262 265 296 368 387 405 447 449 480 486 
1 55 68 198 261 267 276 327 438 443 464 491 
35 38 51 58 90 110 112 129 140 175 196 198 236 267 273 309 326 470 477 
32 43 46 97 116 118 145 156 164 176 185 198 239 279 289 298 306 323 342 343 358 376 467 
28 43 77 130 140 250 268 274 275 297 370 401 403 421 443 462 470 472 477 
55 170 205 227 287 294 309 
41 54 73 162 187 204 280 295 327 390 400 423 480 
71 73 93 112 161 194 212 256 265 358 414 460 
21 110 120 155 283 477 
5 110 112 140 229 268 307 320 362 381 469 
108 111 130 201 229 362 417 443 471 480 
51 142 145 190 275 351 385 419 467 
8 93 139 145 163 180 198 272 279 443 450 499 
51 70 103 115 151 157 304 390 450 470 
12 31 59 296 326 392 419 423 489 
95 98 136 140 209 285 342 366 378 383 498 
27 57 73 95 122 275 438 
115 175 236 315 368 474 
43 129 196 210 265 290 335 350 368 393 458 470 492 494 
5 8 73 100 112 140 159 161 203 205 259 268 308 320 339 350 362 381 387 469 477 486 
12 25 26 37 55 70 71 145 183 224 229 280 318 322 349 358 377 411 414 
15 34 110 120 160 185 198 243 275 326 347 349 377 440 461 
57 105 125 140 157 197 234 257 279 288 326 348 381 450 482 
31 38 120 155 196 205 207 216 261 268 290 307 368 372 377 438 442 458 495 
23 57 64 71 110 132 141 154 196 240 304 326 354 385 403 422 461 
25 362 378 401 438 460 477 482 
2 12 154 243 362 366 460 
53 70 110 128 168 236 277 289 300 301 471 
21 41 54 194 205 223 256 357 449 489 498 
28 51 55 71 73 132 155 163 180 205 239 368 401 424 486 
59 72 73 140 151 180 198 215 229 234 274 276 280 343 352 
96 100 156 159 183 229 234 239 307 329 417 478 494 
27 137 159 192 318 351 354 366 397 422 
39 96 145 154 205 262 274 275 276 305 387 419 422 438 467 
2 69 82 108 112 146 147 161 185 204 224 259 334 350 368 381 427 460 477 
0 32 142 168 196 214 243 279 283 318 405 412 413 422 436 438 491 
39 116 120 123 140 181 216 226 288 310 328 350 494 
1 21 49 145 275 276 306 363 438 
1 3 157 180 183 189 349 368 472 494 
17 43 183 258 332 419 422 430 
3 38 48 72 89 158 160 177 192 283 347 351 424 439 
17 41 73 120 129 161 177 201 240 277 335 360 413 494 
12 35 54 72 161 265 296 334 378 401 419 447 450 477 
39 43 162 192 202 207 328 421 450 
37 46 68 110 126 151 207 217 258 311 362 368 440 
8 12 38 44 132 159 171 227 252 296 450 472 474 489 
51 53 58 82 85 97 116 175 205 275 309 346 377 461 474 489 494 
2 26 118 145 171 212 273 290 294 355 373 395 424 470 489 
55 64 159 168 174 206 368 
20 26 41 70 71 100 141 216 241 273 345 368 375 392 421 441 442 
21 53 97 130 145 300 332 349 375 413 450 477 486 
71 143 151 199 205 217 279 338 352 363 448 478 
39 57 90 123 151 181 192 205 208 326 354 368 396 409 426 489 
51 54 120 140 158 226 275 419 440 478 
21 27 53 72 89 97 112 145 151 158 177 206 239 243 307 320 345 349 441 477 486 
21 110 120 132 283 354 381 486 489 
2 8 36 48 122 257 259 279 283 326 480 485 
89 163 217 266 392 426 465 478 489 
72 73 162 272 295 387 420 
36 161 201 262 309 319 346 409 481 
1 3 51 205 258 259 286 290 326 334 390 408 438 452 472 
40 41 198 210 242 245 279 466 
2 43 97 234 239 378 477 
105 112 120 128 151 154 159 240 242 263 343 360 405 419 489 
88 147 259 368 373 419 422 493 
1 55 93 97 158 164 171 216 248 299 304 308 381 427 
38 168 197 243 279 321 339 369 474 491 
48 72 177 350 401 405 415 421 492 
12 49 239 362 368 
13 72 132 183 280 285 294 345 395 477 485 487 491 
105 147 177 197 204 230 245 263 362 367 383 401 402 472 
21 180 193 290 296 346 408 449 
5 8 72 120 129 143 202 236 249 272 305 306 368 395 447 478 490 
33 90 156 175 198 204 205 217 364 373 392 401 438 
80 145 470 
21 73 140 158 160 170 283 300 338 368 381 394 405 409 412 428 
12 68 71 145 158 190 205 227 234 326 362 368 385 390 395 432 
8 12 32 111 117 129 130 218 266 279 395 431 438 
93 147 346 447 
41 43 52 91 111 130 161 182 266 313 334 340 360 366 385 422 468 477 494 
1 3 8 108 125 140 183 190 202 229 239 278 349 418 477 
21 31 38 89 93 100 158 209 230 234 320 345 368 486 
22 141 348 349 350 390 412 480 491 
70 96 145 162 190 202 229 239 310 461 477 
17 72 73 80 120 194 227 236 289 290 302 335 455 492 
8 53 105 145 161 198 217 229 268 275 355 492 
98 110 196 281 348 354 368 470 
48 51 55 177 290 346 350 368 381 472 477 489 
2 56 109 115 126 159 180 183 201 236 259 266 285 304 351 377 443 474 
52 111 205 213 283 339 347 454 480 
7 130 175 190 358 362 431 
8 51 82 192 236 273 338 348 369 384 400 422 424 494 
3 8 14 17 21 39 53 116 160 207 262 305 381 387 407 
25 28 94 145 290 355 401 438 460 477 
51 71 109 159 165 205 294 311 377 472 
4 21 32 51 61 116 123 142 239 243 294 334 422 450 
12 46 120 151 160 208 210 371 403 474 
43 70 88 124 128 168 204 227 280 330 354 400 440 
24 67 92 98 104 121 135 150 160 190 204 275 355 381 395 
37 51 97 104 158 161 194 328 335 348 376 443 467 
2 25 86 120 143 174 239 279 352 400 
8 39 48 56 177 274 283 347 424 
110 112 114 138 307 408 
0 1 71 120 147 193 205 317 360 368 401 415 437 
35 72 78 93 115 130 205 326 334 377 438 461 
5 24 25 68 100 115 137 145 163 183 205 226 275 290 340 405 438 
36 38 58 145 279 281 285 304 320 334 335 
8 14 24 89 112 139 156 159 183 226 234 316 346 361 478 
18 71 96 115 171 181 216 223 239 270 426 470 
36 41 45 88 249 259 266 285 307 316 411 
309 314 354 377 381 390 448 
21 40 45 55 110 128 132 193 194 207 319 326 377 415 474 483 487 
12 44 118 143 155 194 234 261 309 319 357 381 395 489 
35 54 115 137 230 395 468 475 
129 144 162 183 217 280 333 370 371 378 414 480 
15 43 111 120 156 236 280 371 401 422 490 495 
25 41 98 128 134 183 221 234 266 415 468 499 
103 110 118 151 322 332 
8 55 96 108 111 140 162 227 242 305 318 390 470 
3 105 159 206 240 328 381 402 403 
3 12 35 39 48 54 69 85 104 116 120 204 224 263 266 283 295 336 339 343 362 369 421 483 
2 129 296 351 390 430 477 
32 102 108 125 139 159 239 283 334 339 354 368 421 440 
18 43 100 145 161 204 268 279 334 343 361 381 385 400 471 
77 139 151 203 206 217 227 234 299 306 326 346 
21 35 175 
2 32 58 70 73 96 110 130 145 159 188 196 222 275 306 413 431 438 484 
64 123 183 204 276 368 403 480 499 
2 12 48 75 80 188 197 217 239 257 259 283 362 414 443 450 
0 21 25 97 104 120 138 207 275 316 366 432 458 463 
27 28 78 108 132 175 185 296 319 364 370 411 415 450 472 
8 16 40 71 82 140 204 262 310 321 351 362 402 405 406 427 
25 68 161 175 261 283 360 421 427 449 
41 128 129 134 168 187 221 266 281 350 401 415 460 489 
37 75 100 126 162 188 208 217 229 230 244 379 414 477 484 
72 73 110 120 204 266 326 381 443 473 492 
38 53 70 97 108 145 154 234 349 385 390 477 
68 69 189 224 295 302 368 392 466 470 
10 21 68 115 145 197 241 300 328 364 401 405 411 453 477 494 
67 205 276 305 343 378 387 419 
5 41 72 151 198 317 347 368 385 419 474 483 485 
25 35 45 115 177 200 203 204 226 237 296 300 352 438 450 494 
64 71 193 212 343 346 383 415 438 480 
48 78 81 127 155 239 254 256 272 273 280 304 308 310 326 339 350 373 379 390 
27 32 45 97 110 112 151 154 214 239 243 343 351 355 470 
54 75 145 208 217 234 294 345 347 450 
8 12 26 70 78 97 198 204 229 240 256 258 263 318 381 418 438 449 492 
8 18 25 31 73 112 139 159 161 162 185 254 283 296 347 361 366 417 419 428 443 450 467 494 
55 106 110 125 203 274 280 338 339 405 
7 27 46 124 172 183 241 256 274 307 316 319 422 440 467 
27 37 38 175 187 276 277 401 
129 188 217 222 236 242 276 316 349 366 402 472 492 
25 35 188 196 229 278 280 283 307 460 498 
38 229 266 309 349 403 486 
100 196 236 266 274 339 366 400 450 460 
45 53 126 199 275 318 320 
5 54 58 72 159 162 163 203 224 242 334 452 
12 68 82 93 183 265 339 346 354 374 390 447 456 
12 22 69 103 136 172 259 401 408 421 440 480 
72 94 111 129 140 145 220 285 290 354 355 373 400 456 469 
5 46 55 120 125 198 203 319 385 405 413 
8 26 43 75 98 120 192 204 207 236 240 266 290 320 334 339 343 383 405 427 429 
78 96 171 175 196 246 377 417 438 468 470 
2 38 51 73 82 120 216 307 401 413 
8 18 32 122 204 346 363 389 450 477 487 
18 55 116 127 181 226 309 314 354 368 377 381 390 427 448 
35 70 100 421 459 477 492 
21 35 39 51 155 239 332 335 362 378 401 419 465 489 
27 31 53 171 239 332 401 
39 73 134 140 142 224 227 268 293 352 374 413 472 481 
35 48 118 122 127 217 339 369 420 429 473 
38 97 145 192 285 347 374 392 450 464 477 
8 27 43 61 93 108 185 192 240 266 290 320 354 420 449 487 489 
8 30 37 56 93 115 116 145 163 180 198 236 272 279 381 438 443 450 499 
55 94 230 275 278 313 368 385 
75 129 279 290 308 373 379 458 
38 49 120 122 154 197 216 244 280 307 320 362 458 494 
12 21 51 116 122 130 145 151 274 276 296 319 356 371 381 432 450 456 494 
7 16 22 28 41 83 118 127 141 155 229 285 299 345 387 401 424 480 
28 53 55 227 343 450 
39 79 93 128 161 175 176 280 286 308 319 377 381 384 400 432 436 440 467 480 
198 368 428 
4 44 64 76 110 114 118 132 144 244 283 441 470 
27 116 143 297 368 381 401 460 466 494 
120 132 179 362 364 439 450 470 472 
3 8 32 67 94 156 362 388 403 450 
4 12 51 69 151 175 193 217 226 238 350 362 374 423 461 494 
112 123 140 159 274 306 308 326 448 450 456 486 494 
51 103 204 236 266 268 334 339 351 401 438 450 484 487 
8 22 37 51 54 76 288 368 494 
36 61 64 70 71 93 170 192 205 227 294 300 315 339 355 377 394 438 461 480 
2 71 125 154 187 193 227 286 298 308 328 339 357 371 403 
14 41 104 161 193 355 449 
38 77 93 208 229 266 277 290 294 309 318 326 387 400 411 415 480 486 
73 192 227 339 413 415 
72 265 385 419 480 485 
64 77 88 140 145 164 168 179 224 306 368 388 401 480 487 
12 71 173 196 197 214 289 301 368 373 413 471 
4 72 78 118 270 355 413 
3 28 48 61 120 129 159 227 366 403 472 
22 69 78 158 274 279 283 295 322 348 396 422 458 496 
17 22 32 69 72 80 103 227 248 335 345 416 419 440 447 
8 18 21 136 159 167 275 296 374 390 465 472 
227 229 242 268 403 
73 145 196 274 294 334 338 385 422 438 
70 96 183 347 411 
100 178 205 236 242 294 326 334 353 384 417 460 
12 49 57 90 162 196 205 227 239 339 360 423 
61 73 104 116 120 122 139 145 151 259 274 275 290 322 411 415 442 461 494 
2 49 90 114 118 151 154 158 196 234 275 279 368 400 421 461 
120 145 183 207 227 272 315 385 422 
33 57 121 129 187 229 290 443 
5 70 125 158 172 242 276 278 296 328 336 368 
43 55 102 116 154 174 208 427 480 
16 59 72 73 104 145 151 198 215 217 229 276 353 402 461 
70 72 75 95 122 129 145 147 201 205 229 240 307 360 423 
1 18 45 78 120 127 138 145 151 175 279 326 368 381 414 424 427 428 438 440 443 464 
33 69 71 82 186 277 321 328 403 
5 49 70 145 158 172 183 192 204 276 278 296 310 336 409 419 489 
161 210 328 401 474 
8 64 72 103 151 175 177 217 276 283 316 438 
17 21 100 118 142 168 181 183 205 217 227 281 438 
43 70 111 127 151 157 171 266 276 296 378 419 
12 32 71 74 102 130 176 205 219 283 300 346 415 419 
3 70 82 96 176 196 218 283 412 427 466 499 
12 54 64 120 196 286 317 419 438 
46 158 171 203 328 361 363 460 472 487 
8 21 32 43 54 147 192 266 290 317 320 401 496 
12 15 55 115 118 122 154 159 161 189 364 371 375 383 438 486 
116 145 411 461 494 
12 71 88 120 171 183 205 258 273 275 276 287 295 348 353 
16 61 470 
7 8 38 91 118 145 158 159 161 257 279 368 378 495 
69 140 193 242 381 412 442 471 472 474 498 
8 145 234 264 300 350 480 
6 85 114 116 181 227 266 397 480 
53 91 140 145 268 289 348 378 401 407 494 
8 43 51 129 141 205 234 242 334 375 402 460 477 492 
140 224 283 300 302 343 442 470 
89 115 154 162 224 227 319 339 354 368 390 395 419 454 
70 111 125 145 154 161 183 217 230 275 279 347 356 438 478 
14 38 77 105 145 156 159 161 210 226 306 354 366 377 
2 97 171 196 234 295 311 421 449 489 
15 31 116 187 217 280 347 401 415 438 443 492 
8 39 108 180 198 205 263 268 306 345 362 373 498 
141 171 227 279 280 287 334 368 381 385 419 450 459 461 486 
96 137 140 151 161 204 217 355 368 372 378 494 
4 71 180 207 362 407 412 469 472 
31 72 142 145 326 338 353 385 401 417 419 467 494 
93 224 315 443 472 
68 143 175 340 402 447 477 
8 45 132 146 151 158 187 234 266 328 361 368 371 390 451 469 471 
15 44 76 159 183 246 266 278 322 438 440 492 
3 110 120 160 175 183 212 260 317 320 338 343 369 381 447 470 480 
4 19 65 183 227 229 280 320 335 413 430 459 494 
21 46 75 110 116 145 300 427 446 483 486 
8 39 72 100 161 173 175 177 183 192 204 266 290 336 357 384 422 427 467 
112 122 164 204 275 276 350 368 
73 82 108 147 192 209 266 277 290 351 368 385 422 456 460 487 
41 73 116 180 283 339 347 354 366 374 383 390 395 422 427 432 437 442 494 496 
8 108 127 183 217 280 347 370 371 414 418 470 
35 38 45 104 152 171 194 196 224 280 296 309 354 368 374 413 
1 12 98 127 130 152 161 175 194 210 227 279 316 360 381 413 414 427 428 460 477 
103 125 212 257 283 328 470 
8 25 78 84 93 130 188 192 254 315 368 384 413 422 456 
31 37 55 176 274 336 
3 8 18 41 43 71 82 108 120 145 161 165 274 321 331 374 377 447 489 
12 21 105 203 205 257 308 350 368 487 
55 93 120 362 377 413 419 443 474 
12 69 132 158 279 283 295 315 352 384 422 480 
48 104 120 283 304 350 376 419 438 
12 31 54 177 299 334 364 378 418 438 498 
17 37 70 73 96 111 130 132 159 222 316 343 361 430 438 
3 8 67 94 125 310 314 450 460 
75 82 227 254 321 343 363 393 478 491 492 
4 27 70 72 78 98 118 140 158 162 177 205 285 348 354 401 419 
25 93 100 125 285 290 296 298 372 392 413 423 465 474 476 477 489 
10 46 78 93 171 181 192 196 362 381 460 480 
25 127 183 279 314 328 348 395 411 413 438 470 
5 18 30 68 85 205 275 310 459 472 
12 89 95 96 115 192 311 326 
4 21 41 46 55 62 74 145 187 201 240 322 343 377 419 456 460 482 
12 21 57 59 110 202 204 205 217 226 239 285 334 343 362 364 401 449 477 494 
0 65 71 110 307 328 338 401 
12 25 68 69 111 117 129 136 242 260 279 298 311 332 400 442 
71 97 215 234 335 413 487 
2 161 186 206 320 350 440 
72 120 126 188 246 278 348 
38 71 104 140 276 470 477 492 
46 53 159 205 270 298 408 419 491 492 
55 96 229 351 413 431 453 460 
46 72 115 158 197 205 224 239 266 362 441 
25 27 187 357 438 471 
37 39 97 115 120 123 138 144 171 185 192 193 198 220 266 294 343 349 375 449 456 492 
110 151 161 194 216 229 240 258 262 295 300 307 332 486 498 
26 32 108 116 125 140 175 201 217 278 347 348 352 354 387 388 389 402 414 443 483 
42 57 110 156 165 215 263 277 427 477 
241 377 397 482 
51 73 217 234 263 285 296 326 
21 46 53 55 57 64 72 129 242 280 334 348 376 385 415 419 427 485 
70 100 118 314 346 476 
25 88 112 202 217 229 349 361 390 405 460 469 470 490 
38 71 72 147 177 205 294 345 362 381 397 427 450 451 459 
28 46 73 138 352 486 
3 34 91 115 201 217 231 276 343 381 401 415 423 447 480 
43 55 110 141 239 287 304 384 471 477 
46 51 53 55 57 116 120 144 192 203 227 257 287 294 309 333 343 377 381 474 
22 39 132 181 210 217 259 262 330 368 411 422 440 441 474 
19 37 41 45 95 145 158 168 207 249 272 273 286 321 323 352 387 453 
45 143 145 204 282 294 326 342 401 410 464 
42 100 111 145 161 177 194 264 339 357 447 
161 170 203 216 316 402 460 466 469 
39 70 170 193 196 198 242 283 328 362 477 494 499 
26 32 33 48 64 73 123 139 220 368 402 403 443 
55 111 130 204 318 336 388 392 460 489 
8 24 45 55 111 157 192 204 208 222 236 239 352 394 416 456 468 480 
1 71 72 73 97 115 120 159 165 201 214 285 286 329 401 480 498 
22 34 112 137 362 438 
43 140 145 161 170 204 208 217 239 273 294 345 369 377 390 400 438 450 494 
2 116 193 279 295 421 440 449 474 489 
32 38 132 177 183 204 295 364 450 472 
6 71 96 114 116 132 266 276 325 368 377 405 411 436 480 496 
19 33 71 82 126 136 240 279 338 346 368 402 
18 85 89 138 182 205 236 378 489 
12 53 78 177 194 198 218 240 256 295 357 405 418 450 480 486 
55 96 140 183 204 310 322 359 430 480 489 
4 8 31 82 181 226 279 310 402 477 
2 69 108 130 196 266 372 401 421 441 442 
180 205 209 210 215 259 262 298 342 401 472 489 494 
69 145 197 276 339 368 405 447 460 489 
2 28 158 162 283 320 333 381 417 424 460 490 
45 130 131 161 183 196 204 221 276 279 280 294 352 480 
10 18 120 127 151 152 194 202 210 236 290 305 322 413 427 431 432 447 478 
104 140 159 252 316 368 377 450 477 
12 44 54 183 266 295 440 456 492 
217 229 
1 21 110 115 177 196 229 234 415 419 
22 54 70 166 188 316 392 411 449 
41 82 111 120 162 196 316 357 374 377 381 412 422 467 
12 46 129 173 175 183 242 249 266 267 395 460 471 
38 316 348 355 368 373 396 
38 41 71 94 115 196 207 296 366 368 377 480 
12 42 73 88 214 323 351 378 422 480 489 
15 43 71 88 93 97 192 324 376 388 390 440 484 490 495 
0 1 2 58 127 175 217 279 334 381 414 427 428 
95 115 196 207 209 342 366 368 438 498 
7 25 88 93 145 204 290 324 405 469 470 488 
46 147 210 241 246 275 278 348 412 
7 25 33 48 51 71 82 130 145 283 306 362 472 489 
2 12 69 98 140 161 174 175 266 283 306 349 352 358 395 442 460 495 
0 8 145 158 165 216 298 304 339 381 408 
9 28 45 93 110 145 243 266 390 413 450 470 
21 46 75 110 116 483 
3 32 59 98 115 159 165 204 216 259 263 354 360 421 
51 185 197 216 419 424 449 
4 48 116 178 183 190 199 274 280 290 315 368 383 438 449 477 487 
15 53 69 93 97 120 155 370 
8 27 46 54 58 73 93 116 136 196 209 227 322 377 403 418 430 482 484 
45 165 192 294 354 381 401 467 486 487 
10 38 54 74 100 120 130 171 234 307 368 381 385 390 419 464 
46 145 203 274 339 340 343 470 472 477 484 
32 33 54 139 155 177 183 259 276 461 489 
49 96 115 120 138 161 227 229 278 333 350 368 427 484 498 
2 72 196 295 315 328 391 405 421 424 470 489 
4 48 51 115 118 164 282 283 339 346 350 368 395 472 477 486 489 
93 105 112 115 120 154 304 322 343 360 368 377 378 405 419 
1 51 78 161 280 430 432 
21 46 112 145 198 235 242 283 377 422 472 
21 68 111 125 198 310 314 392 430 460 492 
46 85 120 171 227 279 414 422 438 456 470 474 494 
1 12 69 72 89 215 217 299 368 401 460 468 
97 142 176 212 259 278 381 
12 55 58 69 70 82 140 171 183 198 305 352 450 460 463 
21 95 120 126 129 139 224 328 334 430 480 
4 16 19 46 72 89 93 143 173 210 333 349 351 387 395 401 405 408 422 490 
111 156 401 
43 58 97 112 116 196 238 326 396 427 448 477 
21 62 93 187 196 226 234 274 323 328 373 408 419 477 482 
2 30 53 82 95 100 104 125 127 140 145 234 319 326 328 339 350 377 422 460 494 
45 51 116 196 214 229 236 294 334 419 438 443 472 
51 130 132 156 174 266 276 356 362 378 390 440 458 491 
17 71 145 239 257 320 362 379 401 419 
32 33 35 42 43 129 295 300 403 472 477 
17 40 53 80 82 85 93 100 104 120 169 215 226 309 321 334 343 408 410 492 
89 100 163 207 217 261 266 465 478 489 
58 70 73 162 172 175 176 186 196 229 319 387 413 484 
49 145 168 183 186 210 361 367 373 390 396 409 467 494 
18 22 25 34 56 68 93 106 107 115 229 319 368 377 414 438 
100 121 140 173 177 295 311 337 350 419 440 467 468 474 496 
10 75 88 93 110 132 228 229 244 268 280 307 378 441 447 450 470 490 
7 39 52 130 236 368 429 486 
21 48 55 115 210 273 276 283 339 345 358 384 397 472 492 
21 68 70 73 126 151 205 240 343 351 405 429 489 
12 54 97 205 295 334 336 438 468 
31 39 41 74 78 111 118 168 183 204 208 229 259 281 322 402 467 
7 36 39 46 48 71 73 75 97 120 151 159 165 187 204 214 224 236 241 270 273 314 456 494 
18 55 71 103 112 144 151 165 177 185 227 283 294 316 380 438 
13 27 38 75 93 201 205 296 316 348 355 368 369 373 396 421 477 498 
46 157 177 186 201 264 280 283 310 340 376 401 427 438 474 489 
48 71 97 146 183 217 283 474 477 
72 82 115 200 205 236 250 275 285 315 377 417 462 474 
71 82 193 279 319 334 350 362 400 
0 4 51 66 71 120 147 183 193 208 280 352 381 413 460 468 473 
110 185 207 217 279 285 372 406 
43 53 70 163 362 419 443 
25 55 93 204 257 294 296 334 366 378 413 415 480 
38 39 120 161 216 304 316 348 355 368 373 396 
15 57 69 161 175 229 268 270 352 354 368 377 408 411 472 491 495 
34 94 145 180 183 290 334 345 355 438 447 
75 155 192 196 217 229 276 368 408 470 474 
29 37 51 71 76 91 120 121 145 175 180 220 259 283 381 438 461 472 480 
43 141 145 210 229 316 336 361 367 373 494 
75 116 189 217 460 
4 51 66 140 209 236 262 280 346 403 405 437 438 477 
10 69 88 93 103 161 196 282 294 335 351 381 405 427 480 489 
92 93 117 118 224 315 327 362 443 455 472 
35 38 161 279 328 334 362 410 467 
41 49 64 82 155 164 198 227 249 307 354 411 
27 43 61 93 108 185 354 420 489 
73 96 125 145 151 198 210 279 402 469 
56 226 278 362 368 460 
33 88 275 338 364 368 369 402 440 461 494 
41 103 140 157 193 198 205 209 246 339 348 403 443 477 
12 120 129 162 175 179 201 203 229 342 356 362 368 439 443 449 470 492 
27 46 116 171 203 274 285 322 361 363 368 474 477 487 
1 8 108 171 220 273 474 489 
33 54 70 72 104 111 116 118 140 151 175 177 221 229 234 310 343 346 366 384 397 489 
39 145 183 207 283 296 315 351 422 
31 57 64 108 112 129 217 334 348 355 368 415 421 422 
93 217 368 421 
8 12 51 78 116 151 206 210 217 307 390 403 417 492 
82 96 154 171 181 197 216 280 286 368 460 484 494 
25 45 108 139 197 267 316 322 417 437 443 480 494 
116 123 145 163 192 298 362 411 461 486 494 
43 51 69 118 129 210 349 350 368 393 470 474 
39 104 125 192 201 366 368 392 476 
74 77 102 121 187 219 277 283 290 294 400 443 
54 110 111 419 475 
66 97 161 246 262 265 281 315 334 350 364 421 427 472 
127 179 181 294 296 351 401 405 
32 97 125 126 217 220 266 334 354 373 403 427 440 461 477 484 
46 158 173 422 492 494 
8 25 69 72 96 100 111 177 187 209 229 242 280 354 443 469 494 
26 120 177 208 217 345 385 422 449 
2 48 257 283 
6 12 17 58 75 82 86 132 169 197 204 209 298 317 350 374 387 413 470 492 
55 57 58 69 112 162 206 300 360 362 
45 60 67 116 230 259 273 314 354 384 395 489 
88 140 145 244 401 463 
27 32 38 116 132 145 183 276 290 295 322 346 362 365 408 474 
12 56 64 71 73 84 153 171 177 218 230 423 480 
41 46 163 279 300 319 334 352 415 424 
4 33 38 51 115 202 290 
1 57 93 143 145 146 306 316 318 368 412 427 460 474 
22 69 116 140 151 196 266 280 345 355 440 447 480 483 489 
70 111 129 281 317 349 355 368 419 443 477 
118 158 307 334 345 368 
129 229 268 358 381 418 
8 39 103 129 205 208 275 279 322 325 331 347 352 354 357 468 
32 57 76 91 116 120 121 145 175 216 217 246 274 285 322 437 492 
120 168 183 185 204 239 276 450 
3 38 156 201 
12 55 59 64 162 321 326 352 377 408 419 
12 111 120 196 281 328 346 413 419 477 493 494 
75 82 142 196 286 347 368 438 460 
1 127 175 279 381 414 427 428 
3 70 85 88 95 117 176 212 217 234 262 321 330 352 489 
118 140 367 390 401 430 440 489 494 
82 130 150 207 296 316 367 368 
38 39 171 263 300 306 345 406 450 472 498 
25 71 129 145 159 168 217 249 255 281 286 309 334 354 470 
27 54 73 129 172 205 227 236 242 256 266 295 308 350 385 449 460 
100 132 183 193 222 268 280 308 335 361 381 400 443 
21 159 177 223 245 273 276 283 332 354 371 381 432 449 
55 71 82 118 270 277 390 401 413 449 
45 53 175 199 260 339 369 381 447 
8 10 41 51 70 308 438 494 
45 108 140 183 198 234 283 336 339 378 482 
51 70 73 122 160 171 245 298 310 368 395 400 
45 55 74 75 116 128 161 208 281 355 480 
1 13 68 71 93 116 164 368 377 471 
49 75 131 165 274 321 368 470 489 
8 11 45 195 207 217 333 349 350 418 443 469 489 
3 10 16 69 93 103 155 159 161 196 198 268 345 346 360 397 459 477 480 487 492 
31 54 55 93 143 167 274 413 467 477 
8 32 57 216 218 298 437 477 
38 129 137 150 179 279 313 355 357 361 383 
2 22 28 49 83 140 141 160 171 197 254 299 318 378 395 424 438 477 
38 116 142 145 227 236 281 299 300 369 381 411 419 461 472 494 
32 73 105 208 283 350 394 424 469 
73 163 171 183 186 224 259 377 403 405 
4 54 75 122 162 189 227 283 339 349 351 368 370 419 438 449 
2 95 145 177 205 234 259 333 374 473 487 
55 110 180 185 296 316 322 332 334 383 
41 171 307 335 345 367 405 431 438 480 
5 34 60 125 143 167 190 217 218 259 268 283 335 419 465 477 480 
4 33 55 186 315 321 403 439 
17 27 32 112 180 215 368 471 483 
0 27 71 89 98 108 114 125 129 283 314 339 407 419 459 460 475 498 
45 106 176 257 314 316 348 378 381 392 443 449 470 489 
55 129 154 207 277 355 395 415 419 456 
43 51 71 93 183 266 328 411 
82 116 145 146 198 326 339 348 354 377 411 461 489 494 
103 120 129 140 270 283 296 334 385 405 
21 146 196 223 239 298 326 349 354 366 371 381 468 492 
0 1 69 71 97 120 130 147 234 308 317 474 480 492 
21 96 110 140 203 205 229 308 350 494 
8 43 108 120 226 304 381 390 412 440 476 494 
89 115 285 286 350 438 474 480 
12 54 138 208 268 296 334 368 377 450 489 
25 69 98 111 145 229 242 354 443 494 
145 183 207 215 217 230 315 422 495 
2 73 82 100 125 126 130 138 217 385 461 470 477 489 494 
55 85 112 129 159 175 183 208 236 272 273 310 317 332 470 
77 277 294 326 400 
162 246 298 368 
44 54 77 177 227 234 242 277 294 309 319 320 326 339 350 449 470 477 486 
2 38 53 54 55 57 89 120 177 226 277 280 300 320 371 472 
45 67 95 115 159 204 207 218 266 294 308 348 364 368 381 415 486 
115 151 203 227 236 299 315 326 377 474 
12 51 140 161 176 204 280 377 378 432 478 489 
31 192 201 366 405 422 440 472 
0 477 485 
12 54 69 100 110 111 180 309 368 396 408 438 459 
38 72 151 193 217 315 449 463 494 
1 8 28 69 72 206 269 286 307 316 326 334 438 452 
5 6 22 46 69 103 130 136 173 209 270 280 304 309 343 385 401 405 422 
8 31 73 82 100 125 242 256 358 362 443 470 477 489 
13 55 84 110 111 134 151 157 185 234 267 283 324 326 368 378 385 467 470 477 492 
41 45 55 145 249 268 275 285 307 368 377 411 427 440 449 460 475 
1 43 90 122 140 159 181 197 275 367 400 401 414 
43 91 110 120 129 142 145 285 387 401 421 
21 31 38 52 93 110 132 159 196 210 283 296 339 368 375 392 467 
71 120 201 234 266 362 413 446 460 477 
12 31 205 276 293 308 328 347 354 361 377 401 422 468 
110 162 176 205 207 217 280 349 368 372 406 411 438 440 
27 36 112 117 224 229 346 411 
72 103 163 242 285 
6 72 118 180 197 210 283 294 322 419 449 460 
21 95 118 183 196 209 342 357 498 
0 16 21 41 152 194 274 334 368 381 413 440 
69 122 170 377 381 
138 140 163 190 202 229 231 239 259 470 477 
57 70 71 73 94 120 155 180 259 334 
27 41 57 97 105 120 268 273 277 316 368 390 407 
125 217 319 362 381 
12 75 154 173 175 183 197 254 261 280 319 363 393 494 
21 37 43 51 72 151 158 161 368 419 443 460 470 494 
8 46 74 105 111 240 266 355 381 427 442 
93 145 239 257 283 322 345 368 377 411 474 
27 43 61 62 71 93 108 161 174 185 242 280 354 368 401 420 421 427 467 489 
45 59 98 110 138 216 352 403 
35 118 161 205 217 438 
45 262 432 469 470 
34 97 118 145 159 272 273 332 449 
4 33 97 140 225 276 335 349 472 481 
32 94 118 209 236 280 314 333 346 467 477 
3 21 78 99 123 188 234 254 266 285 305 315 322 387 456 
8 51 96 108 110 111 137 267 306 318 326 362 368 390 470 471 477 
27 75 118 120 240 258 268 277 459 460 
0 33 45 70 71 89 94 118 140 175 189 208 228 346 405 449 460 496 
31 35 55 120 129 201 326 345 419 427 450 480 494 
126 137 151 165 216 316 326 350 414 431 460 490 
37 51 57 104 145 158 161 183 207 306 315 326 376 422 441 443 
21 31 54 93 120 161 229 256 345 381 384 427 438 440 468 
54 95 168 209 229 277 304 342 368 421 424 480 498 
75 120 125 129 154 196 207 263 294 298 343 371 373 449 476 478 
36 61 70 71 110 122 205 267 300 326 334 377 394 438 451 468 470 474 477 480 
21 85 89 182 217 378 450 
36 61 70 71 176 177 205 208 280 296 300 334 362 368 377 390 394 401 419 422 438 480 
43 94 183 229 275 296 419 427 443 472 477 
104 112 181 192 326 347 373 376 392 414 450 
27 108 154 180 205 360 362 373 443 454 456 492 
64 97 130 147 192 193 197 216 271 317 326 339 356 403 419 460 477 496 
68 89 105 159 161 177 207 258 276 314 336 430 
8 62 198 218 298 326 368 377 404 467 477 484 
6 125 128 164 196 216 256 279 282 357 486 487 
112 115 142 171 196 205 249 285 289 326 354 362 373 443 470 
46 85 96 118 130 141 151 170 198 309 310 350 381 395 424 450 
35 78 118 143 145 146 162 217 243 319 381 395 489 
31 61 96 97 205 236 244 258 335 348 415 419 
64 151 161 268 390 430 
1 51 78 122 161 187 276 280 318 358 390 430 432 
326 368 404 484 
70 157 170 201 207 249 261 335 394 413 474 
4 15 32 48 185 248 276 279 331 334 405 415 421 450 480 492 
281 354 368 
88 140 145 212 239 275 401 
3 12 66 67 93 123 130 161 192 229 296 308 325 343 350 379 384 427 440 477 
69 100 168 177 240 339 354 358 390 467 
0 1 73 115 120 147 191 205 217 263 317 332 334 441 461 
82 157 214 239 298 351 422 470 
111 195 281 316 392 419 477 486 
25 26 71 88 102 236 263 280 296 354 368 401 405 440 469 470 474 
8 57 64 120 171 411 474 489 
96 140 146 159 205 278 319 321 368 369 427 443 484 
71 82 97 104 132 161 234 276 350 437 459 472 481 
10 37 104 116 126 140 161 188 356 385 459 472 498 
18 51 70 90 122 172 183 279 319 387 413 
12 71 201 218 266 279 395 398 
159 161 185 215 217 230 296 350 381 412 427 477 495 
23 48 71 118 229 385 401 403 422 424 476 
31 43 51 93 209 234 257 334 351 368 402 477 487 
28 72 145 171 175 183 205 234 343 385 390 422 486 494 
73 96 97 115 122 151 257 354 407 460 469 
177 229 300 356 372 378 
46 73 120 239 242 280 296 321 328 356 373 442 496 
141 145 229 327 349 361 460 467 490 
72 77 105 115 118 136 137 196 200 217 249 285 289 362 443 470 
32 35 105 114 129 217 227 361 372 417 427 450 477 
26 29 43 91 129 130 145 180 214 266 283 313 320 326 373 467 480 
72 290 424 
120 128 141 161 170 256 257 375 387 401 470 489 
31 38 93 272 310 327 378 400 427 484 
53 54 58 105 112 128 129 159 161 205 234 275 281 283 289 301 470 471 474 482 489 
41 110 129 156 204 239 279 319 352 401 424 492 
64 306 343 467 
64 70 176 192 217 224 227 259 263 276 332 368 409 414 470 
26 118 151 187 229 308 322 450 470 
0 10 68 110 123 129 145 350 467 494 
36 38 45 76 139 169 180 246 249 258 259 279 283 322 492 
4 55 62 120 168 178 214 216 259 285 427 449 496 
51 64 71 104 159 211 294 348 354 373 377 381 412 472 
37 53 57 111 143 145 413 
6 140 145 205 239 349 390 419 475 
4 46 48 110 159 183 185 239 304 319 323 346 356 405 415 421 450 492 
46 111 118 165 185 242 272 334 400 456 
32 51 96 159 162 259 280 348 354 412 419 460 
41 55 89 146 161 259 334 368 460 
53 70 141 164 194 204 234 275 276 381 
130 259 280 472 
8 43 48 51 97 146 187 193 221 283 358 362 450 478 489 490 
12 82 140 165 178 207 236 265 336 351 368 377 470 487 489 
3 10 24 46 90 130 236 279 283 294 326 390 413 450 484 
75 94 115 120 140 163 164 196 216 243 294 361 401 424 
21 55 71 95 116 146 209 234 342 345 377 498 
51 97 155 216 227 248 347 348 411 460 477 480 
71 93 107 115 236 296 315 316 362 377 378 403 474 
58 72 100 208 315 328 391 401 414 438 
32 35 41 82 85 154 158 196 259 269 295 332 357 374 461 
100 110 132 145 151 162 202 217 229 268 310 
12 17 31 68 144 150 158 230 308 326 395 458 477 486 
4 12 93 95 97 167 177 183 196 208 210 279 339 368 375 494 499 
3 55 112 161 242 268 296 330 345 350 427 437 477 
6 130 155 196 205 207 280 290 368 
82 85 262 321 343 379 460 492 
0 121 140 266 304 442 467 
85 95 279 350 424 460 490 
151 216 219 322 390 422 494 
4 71 78 100 111 161 242 280 335 368 379 421 427 483 
31 40 75 140 145 205 226 236 280 334 351 367 368 390 422 430 489 494 
8 56 130 180 234 274 275 283 318 322 338 357 361 368 432 477 
5 32 54 93 111 229 278 492 
8 26 82 110 145 204 290 334 358 375 424 430 
127 171 192 336 
38 54 58 64 120 143 157 180 203 339 350 354 361 430 
38 115 122 159 197 239 267 295 362 364 417 
25 32 49 69 118 154 196 354 381 421 427 477 486 
35 55 85 97 270 322 362 406 413 422 474 496 
15 44 72 116 122 162 264 310 320 347 380 
25 72 93 97 127 139 197 294 322 326 395 470 472 
31 37 158 196 216 240 420 467 474 
36 117 145 204 224 334 362 384 411 438 480 
18 21 38 53 73 316 348 355 368 373 396 
25 37 67 73 142 151 217 229 279 362 366 395 438 
5 8 70 187 205 208 217 220 401 427 438 468 
69 72 165 259 294 333 351 378 414 
152 163 268 372 401 450 486 
4 8 26 43 55 72 81 104 117 192 266 290 320 328 471 477 
69 145 155 171 183 249 294 354 371 
78 111 130 210 266 329 477 486 
8 110 140 326 403 419 
28 43 55 171 204 296 306 332 344 360 368 443 
0 5 8 46 75 82 120 154 222 270 368 381 387 464 496 
2 72 266 290 294 357 377 378 379 427 
48 78 161 210 274 352 370 413 423 
70 73 159 235 242 283 
18 38 71 75 97 120 161 183 242 280 304 315 368 373 395 419 421 422 427 438 
21 30 51 73 175 188 227 246 310 319 368 380 456 486 
33 97 160 217 220 296 326 334 354 362 397 405 
5 19 73 95 115 138 140 145 201 205 326 339 343 474 
19 266 346 354 390 
0 61 125 143 242 249 294 296 328 347 361 368 460 478 494 
18 70 85 120 145 192 205 207 249 338 364 447 489 
94 196 216 294 322 339 362 
44 110 120 129 138 208 210 283 362 424 
145 216 286 338 354 402 414 442 470 489 498 
65 80 89 111 116 154 230 280 346 370 424 478 
8 33 57 120 140 180 203 234 274 280 343 352 
62 71 93 312 322 377 390 480 495 
4 53 57 71 130 155 161 192 196 205 207 249 270 290 321 347 379 393 477 486 492 
1 187 196 197 259 280 326 367 432 
73 158 163 224 259 307 339 377 403 405 411 413 
180 236 274 339 460 471 483 
31 54 58 71 72 145 155 189 190 224 229 236 279 320 407 441 449 460 
93 215 283 304 320 382 431 470 
49 118 154 196 236 334 348 421 438 
9 38 125 165 175 201 234 255 257 283 360 368 461 470 471 
31 33 82 234 296 319 326 352 395 414 416 
27 43 61 64 93 108 143 161 185 236 347 354 420 489 
93 115 125 126 214 241 395 438 
128 132 145 178 196 216 279 294 322 357 365 408 470 474 
3 8 32 67 94 130 214 259 424 450 468 
8 48 69 116 229 350 351 438 470 487 
4 71 214 259 319 326 347 373 385 438 450 496 
3 8 67 94 100 192 234 268 381 400 450 494 
3 27 151 165 217 265 320 338 352 377 
71 78 194 253 373 395 443 474 477 480 490 
2 34 35 69 73 105 118 145 157 235 270 334 346 419 467 
1 2 8 9 57 71 102 154 217 275 285 286 350 383 450 
1 3 110 154 180 183 189 257 347 368 385 450 
12 58 70 177 187 194 205 252 322 344 381 450 472 
45 105 111 227 263 334 339 360 381 438 487 
4 69 117 139 140 156 161 198 205 216 244 279 440 450 477 489 
45 75 89 94 129 216 334 354 381 438 483 
8 46 73 120 129 171 261 333 362 
46 157 180 201 249 299 394 419 466 
12 35 45 77 130 162 193 277 280 294 326 360 400 449 463 
15 53 69 93 155 177 229 300 368 436 440 
48 110 145 152 229 234 265 283 307 368 490 
28 96 126 130 212 227 272 322 368 377 483 
54 55 112 120 129 236 241 243 266 294 295 377 443 
35 71 163 275 308 396 421 438 449 465 486 
26 28 48 73 80 139 217 413 414 419 472 489 
4 32 33 73 103 179 234 262 296 325 387 405 480 487 
162 164 181 209 263 267 276 298 348 352 359 368 393 424 438 449 489 
160 172 266 269 368 401 437 
1 44 97 212 215 234 255 307 309 319 381 437 438 480 
25 86 90 120 143 173 239 279 400 
168 176 216 217 249 286 338 354 402 414 442 470 482 489 
8 75 129 140 224 279 295 335 373 419 458 
36 45 73 88 120 139 259 266 274 285 316 381 
110 112 214 217 307 374 390 450 465 494 
15 26 82 257 354 360 413 
46 73 96 145 151 180 333 419 469 472 
8 18 110 122 127 183 204 299 328 411 413 450 470 471 477 
177 195 258 310 368 426 450 459 460 
183 189 201 236 266 280 322 373 381 405 460 
28 48 121 268 270 326 368 373 374 440 489 
4 27 55 68 209 239 259 274 315 328 373 381 413 439 
142 161 178 181 198 209 348 408 427 443 470 477 485 494 
33 43 71 72 85 154 239 296 300 343 368 373 477 490 494 
8 86 97 125 156 198 208 279 395 417 484 
2 41 120 187 196 239 274 295 362 367 421 447 489 
64 89 114 118 172 224 259 300 346 367 368 
5 25 58 66 97 105 112 151 180 229 239 288 334 355 364 421 427 
27 75 205 227 240 
1 48 55 140 146 162 168 187 188 227 236 242 305 339 352 360 470 472 
82 130 132 236 307 315 422 472 
10 12 22 69 86 101 104 170 229 322 372 378 447 
45 51 68 97 130 143 175 178 277 285 300 306 354 358 381 390 438 487 
41 72 82 86 89 158 168 208 226 279 309 320 345 402 422 470 471 486 
55 227 287 309 
96 296 306 334 411 
22 53 73 89 90 96 107 115 129 151 217 283 308 369 422 436 472 
12 77 151 192 201 203 227 268 272 299 326 366 401 470 
73 116 146 207 216 226 338 352 368 450 
8 31 33 45 118 144 178 268 279 327 406 458 477 486 
3 257 295 328 419 438 494 
22 24 111 181 368 410 438 
96 129 145 181 205 249 338 424 438 
21 55 64 99 239 266 285 290 343 368 373 477 478 492 494 
93 111 125 212 266 329 372 401 470 487 494 
2 27 52 112 174 229 346 352 480 
32 55 57 120 216 363 437 496