0 -> 1 (0.01,0.07)
1 -> 0 (0.01,0.04)
0 -> 2 (0.00,0.01)
2 -> 0 (0.00,0.02)
0 -> 3 (0.01,0.07)
3 -> 0 (0.01,0.11)
0 -> 3, 7 (0.00,0.01)
3 -> 0, 7 (0.00,0.01)
0, 3 -> 7 (0.00,0.13)
7 -> 0, 3 (0.00,0.01)
0, 7 -> 3 (0.00,0.29)
3, 7 -> 0 (0.00,0.18)
0 -> 3, 7, 8 (0.00,0.01)
3 -> 0, 7, 8 (0.00,0.01)
0, 3 -> 7, 8 (0.00,0.13)
7 -> 0, 3, 8 (0.00,0.01)
0, 7 -> 3, 8 (0.00,0.29)
3, 7 -> 0, 8 (0.00,0.18)
0, 3, 7 -> 8 (0.00,1.00)
8 -> 0, 3, 7 (0.00,0.06)
0, 8 -> 3, 7 (0.00,0.50)
3, 8 -> 0, 7 (0.00,0.25)
0, 3, 8 -> 7 (0.00,1.00)
7, 8 -> 0, 3 (0.00,0.20)
0, 7, 8 -> 3 (0.00,1.00)
3, 7, 8 -> 0 (0.00,0.40)
0 -> 3, 8 (0.00,0.01)
3 -> 0, 8 (0.00,0.01)
0, 3 -> 8 (0.00,0.13)
8 -> 0, 3 (0.00,0.06)
0, 8 -> 3 (0.00,0.50)
3, 8 -> 0 (0.00,0.25)
0 -> 5 (0.00,0.03)
5 -> 0 (0.00,0.01)
0 -> 6 (0.00,0.02)
6 -> 0 (0.00,0.05)
0 -> 7 (0.00,0.03)
7 -> 0 (0.00,0.04)
0 -> 7, 8 (0.00,0.01)
7 -> 0, 8 (0.00,0.01)
0, 7 -> 8 (0.00,0.29)
8 -> 0, 7 (0.00,0.06)
0, 8 -> 7 (0.00,0.50)
7, 8 -> 0 (0.00,0.20)
0 -> 8 (0.00,0.02)
8 -> 0 (0.00,0.11)
0 -> 9 (0.01,0.10)
9 -> 0 (0.01,0.04)
1 -> 2 (0.01,0.03)
2 -> 1 (0.01,0.07)
1 -> 2, 3 (0.00,0.01)
2 -> 1, 3 (0.00,0.01)
1, 2 -> 3 (0.00,0.20)
3 -> 1, 2 (0.00,0.01)
1, 3 -> 2 (0.00,0.12)
2, 3 -> 1 (0.00,0.13)
1 -> 2, 7 (0.00,0.01)
2 -> 1, 7 (0.00,0.01)
1, 2 -> 7 (0.00,0.20)
7 -> 1, 2 (0.00,0.01)
1, 7 -> 2 (0.00,0.13)
2, 7 -> 1 (0.00,0.22)
1 -> 3 (0.01,0.05)
3 -> 1 (0.01,0.12)
1 -> 3, 5 (0.00,0.01)
3 -> 1, 5 (0.00,0.02)
1, 3 -> 5 (0.00,0.18)
5 -> 1, 3 (0.00,0.01)
1, 5 -> 3 (0.00,0.05)
3, 5 -> 1 (0.00,0.43)
1 -> 3, 7 (0.00,0.01)
3 -> 1, 7 (0.00,0.02)
1, 3 -> 7 (0.00,0.18)
7 -> 1, 3 (0.00,0.02)
1, 7 -> 3 (0.00,0.20)
3, 7 -> 1 (0.00,0.27)
1 -> 4 (0.01,0.04)
4 -> 1 (0.01,0.08)
1 -> 5 (0.03,0.17)
5 -> 1 (0.03,0.11)
1 -> 5, 9 (0.00,0.01)
5 -> 1, 9 (0.00,0.01)
1, 5 -> 9 (0.00,0.08)
9 -> 1, 5 (0.00,0.01)
1, 9 -> 5 (0.00,0.12)
5, 9 -> 1 (0.00,0.17)
1 -> 6 (0.00,0.01)
6 -> 1 (0.00,0.06)
1 -> 7 (0.01,0.04)
7 -> 1 (0.01,0.08)
1 -> 7, 8 (0.00,0.01)
7 -> 1, 8 (0.00,0.02)
1, 7 -> 8 (0.00,0.20)
8 -> 1, 7 (0.00,0.09)
1, 8 -> 7 (0.00,0.43)
7, 8 -> 1 (0.00,0.30)
1 -> 7, 9 (0.00,0.01)
7 -> 1, 9 (0.00,0.01)
1, 7 -> 9 (0.00,0.13)
9 -> 1, 7 (0.00,0.00)
1, 9 -> 7 (0.00,0.05)
7, 9 -> 1 (0.00,0.20)
1 -> 8 (0.00,0.02)
8 -> 1 (0.00,0.20)
1 -> 9 (0.02,0.12)
9 -> 1 (0.02,0.08)
2 -> 3 (0.01,0.11)
3 -> 2 (0.01,0.11)
2 -> 4 (0.00,0.03)
4 -> 2 (0.00,0.02)
2 -> 5 (0.00,0.02)
5 -> 2 (0.00,0.01)
2 -> 6 (0.00,0.02)
6 -> 2 (0.00,0.04)
2 -> 7 (0.00,0.06)
7 -> 2 (0.00,0.05)
2 -> 9 (0.00,0.05)
9 -> 2 (0.00,0.01)
3 -> 4 (0.00,0.02)
4 -> 3 (0.00,0.02)
3 -> 4, 9 (0.00,0.01)
4 -> 3, 9 (0.00,0.01)
3, 4 -> 9 (0.00,0.67)
9 -> 3, 4 (0.00,0.00)
3, 9 -> 4 (0.00,0.50)
4, 9 -> 3 (0.00,0.29)
3 -> 5 (0.00,0.05)
5 -> 3 (0.00,0.01)
3 -> 6 (0.00,0.04)
6 -> 3 (0.00,0.06)
3 -> 7 (0.01,0.08)
7 -> 3 (0.01,0.06)
3 -> 7, 8 (0.00,0.04)
7 -> 3, 8 (0.00,0.03)
3, 7 -> 8 (0.00,0.45)
8 -> 3, 7 (0.00,0.14)
3, 8 -> 7 (0.00,0.62)
7, 8 -> 3 (0.00,0.50)
3 -> 8 (0.00,0.06)
8 -> 3 (0.00,0.23)
3 -> 9 (0.00,0.03)
9 -> 3 (0.00,0.01)
4 -> 5 (0.01,0.08)
5 -> 4 (0.01,0.03)
4 -> 6 (0.00,0.02)
6 -> 4 (0.00,0.05)
4 -> 7 (0.00,0.02)
7 -> 4 (0.00,0.02)
4 -> 9 (0.00,0.04)
9 -> 4 (0.00,0.01)
5 -> 6 (0.00,0.01)
6 -> 5 (0.00,0.06)
5 -> 7 (0.01,0.03)
7 -> 5 (0.01,0.07)
5 -> 8 (0.00,0.01)
8 -> 5 (0.00,0.14)
5 -> 9 (0.01,0.06)
9 -> 5 (0.01,0.06)
6 -> 7 (0.01,0.12)
7 -> 6 (0.01,0.05)
6 -> 8 (0.00,0.07)
8 -> 6 (0.00,0.17)
6 -> 9 (0.00,0.07)
9 -> 6 (0.00,0.01)
7 -> 8 (0.01,0.05)
8 -> 7 (0.01,0.29)
7 -> 9 (0.01,0.05)
9 -> 7 (0.01,0.02)
8 -> 9 (0.00,0.06)
9 -> 8 (0.00,0.00)
